    0.02500   0.15640 
    0.00000   0.15640 
 
    0.07500   0.15640 
    0.02500   0.15640 
 
    0.12500   0.15640 
    0.07500   0.15640 
 
    0.17500   0.15640 
    0.12500   0.15640 
 
    0.22500   0.15640 
    0.17500   0.15640 
 
    0.27500   0.15640 
    0.22500   0.15640 
 
    0.32500   0.15640 
    0.27500   0.15640 
 
    0.37500   0.15640 
    0.32500   0.15640 
 
    0.42500   0.15640 
    0.37500   0.15640 
 
    0.47500   0.15640 
    0.42500   0.15640 
 
    0.52500   0.15640 
    0.47500   0.15640 
 
    0.57500   0.15640 
    0.52500   0.15640 
 
    0.62500   0.15640 
    0.57500   0.15640 
 
    0.67500   0.15639 
    0.62500   0.15640 
 
    0.72500   0.15639 
    0.67500   0.15639 
 
    0.77500   0.15639 
    0.72500   0.15639 
 
    0.82500   0.15639 
    0.77500   0.15639 
 
    0.87500   0.15639 
    0.82500   0.15639 
 
    0.92500   0.15639 
    0.87500   0.15639 
 
    0.97500   0.15639 
    0.92500   0.15639 
 
    1.00000   0.15639 
    0.97500   0.15639 
 
    1.00000   0.99740 
    0.99750   1.00000 
 
    0.02500   0.41266 
    0.00000   0.41266 
 
    0.07500   0.41266 
    0.02500   0.41266 
 
    0.12500   0.41266 
    0.07500   0.41266 
 
    0.17500   0.41266 
    0.12500   0.41266 
 
    0.22500   0.41266 
    0.17500   0.41266 
 
    0.27500   0.41266 
    0.22500   0.41266 
 
    0.32500   0.41266 
    0.27500   0.41266 
 
    0.37500   0.41265 
    0.32500   0.41266 
 
    0.42500   0.41265 
    0.37500   0.41265 
 
    0.47500   0.41265 
    0.42500   0.41265 
 
    0.52500   0.41265 
    0.47500   0.41265 
 
    0.57500   0.41265 
    0.52500   0.41265 
 
    0.62500   0.41265 
    0.57500   0.41265 
 
    0.67500   0.41265 
    0.62500   0.41265 
 
    0.72500   0.41265 
    0.67500   0.41265 
 
    0.77500   0.41265 
    0.72500   0.41265 
 
    0.82500   0.41265 
    0.77500   0.41265 
 
    0.87500   0.41265 
    0.82500   0.41265 
 
    0.92500   0.41265 
    0.87500   0.41265 
 
    0.97500   0.41264 
    0.92500   0.41265 
 
    1.00000   0.41264 
    0.97500   0.41264 
 
    1.00000   0.99219 
    0.99250   1.00000 
 
    0.02500   0.61748 
    0.00000   0.61748 
 
    0.07500   0.61748 
    0.02500   0.61748 
 
    0.12500   0.61748 
    0.07500   0.61748 
 
    0.17500   0.61748 
    0.12500   0.61748 
 
    0.22500   0.61748 
    0.17500   0.61748 
 
    0.27500   0.61748 
    0.22500   0.61748 
 
    0.32500   0.61748 
    0.27500   0.61748 
 
    0.37500   0.61748 
    0.32500   0.61748 
 
    0.42500   0.61748 
    0.37500   0.61748 
 
    0.47500   0.61748 
    0.42500   0.61748 
 
    0.52500   0.61748 
    0.47500   0.61748 
 
    0.57500   0.61748 
    0.52500   0.61748 
 
    0.62500   0.61748 
    0.57500   0.61748 
 
    0.67500   0.61748 
    0.62500   0.61748 
 
    0.72500   0.61748 
    0.67500   0.61748 
 
    0.77500   0.61747 
    0.72500   0.61748 
 
    0.82500   0.61747 
    0.77500   0.61747 
 
    0.87500   0.61747 
    0.82500   0.61747 
 
    0.92500   0.61747 
    0.87500   0.61747 
 
    0.97500   0.61747 
    0.92500   0.61747 
 
    1.00000   0.61747 
    0.97500   0.61747 
 
    1.00000   0.98699 
    0.98750   1.00000 
 
    0.02500   0.78795 
    0.00000   0.78795 
 
    0.07500   0.78795 
    0.02500   0.78795 
 
    0.12500   0.78795 
    0.07500   0.78795 
 
    0.17500   0.78795 
    0.12500   0.78795 
 
    0.22500   0.78795 
    0.17500   0.78795 
 
    0.27500   0.78795 
    0.22500   0.78795 
 
    0.32500   0.78795 
    0.27500   0.78795 
 
    0.37500   0.78795 
    0.32500   0.78795 
 
    0.42500   0.78795 
    0.37500   0.78795 
 
    0.47500   0.78795 
    0.42500   0.78795 
 
    0.52500   0.78795 
    0.47500   0.78795 
 
    0.57500   0.78795 
    0.52500   0.78795 
 
    0.62500   0.78795 
    0.57500   0.78795 
 
    0.67500   0.78795 
    0.62500   0.78795 
 
    0.72500   0.78795 
    0.67500   0.78795 
 
    0.77500   0.78795 
    0.72500   0.78795 
 
    0.82500   0.78795 
    0.77500   0.78795 
 
    0.87500   0.78795 
    0.82500   0.78795 
 
    0.92500   0.78795 
    0.87500   0.78795 
 
    0.97500   0.78795 
    0.92500   0.78795 
 
    1.00000   0.78795 
    0.97500   0.78795 
 
    1.00000   0.98179 
    0.98250   1.00000 
 
    0.02500   0.93418 
    0.00000   0.93418 
 
    0.07500   0.93418 
    0.02500   0.93418 
 
    0.12500   0.93418 
    0.07500   0.93418 
 
    0.17500   0.93418 
    0.12500   0.93418 
 
    0.22500   0.93418 
    0.17500   0.93418 
 
    0.27500   0.93418 
    0.22500   0.93418 
 
    0.32500   0.93418 
    0.27500   0.93418 
 
    0.37500   0.93418 
    0.32500   0.93418 
 
    0.42500   0.93418 
    0.37500   0.93418 
 
    0.47500   0.93418 
    0.42500   0.93418 
 
    0.52500   0.93418 
    0.47500   0.93418 
 
    0.57500   0.93418 
    0.52500   0.93418 
 
    0.62500   0.93418 
    0.57500   0.93418 
 
    0.67500   0.93418 
    0.62500   0.93418 
 
    0.72500   0.93418 
    0.67500   0.93418 
 
    0.77500   0.93418 
    0.72500   0.93418 
 
    0.82500   0.93418 
    0.77500   0.93418 
 
    0.87500   0.93418 
    0.82500   0.93418 
 
    0.92500   0.93418 
    0.87500   0.93418 
 
    0.97500   0.93418 
    0.92500   0.93418 
 
    1.00000   0.93418 
    0.97500   0.93418 
 
    1.00000   0.97658 
    0.97750   1.00000 
 
