    1   0.0000000e+00   0.0000000e+00   0.0000000e+00   0.0000000e+00
    1   0.0000000e+00   0.0000000e+00   0.0000000e+00   0.0000000e+00
    1   0.0000000e+00   0.0000000e+00   0.0000000e+00   0.0000000e+00
    1   0.0000000e+00   0.0000000e+00   0.0000000e+00   0.0000000e+00
    1   0.0000000e+00   0.0000000e+00   0.0000000e+00   0.0000000e+00
    1   0.0000000e+00   0.0000000e+00   0.0000000e+00   0.0000000e+00
    1   0.0000000e+00   0.0000000e+00   0.0000000e+00   0.0000000e+00
    1   0.0000000e+00   0.0000000e+00   0.0000000e+00   0.0000000e+00
    1   0.0000000e+00   0.0000000e+00   0.0000000e+00   0.0000000e+00
    1   0.0000000e+00   0.0000000e+00   0.0000000e+00   0.0000000e+00
    1   0.0000000e+00   0.0000000e+00   0.0000000e+00   0.0000000e+00
    1   0.0000000e+00   0.0000000e+00   0.0000000e+00   0.0000000e+00
    1   0.0000000e+00   0.0000000e+00   0.0000000e+00   0.0000000e+00
    1   0.0000000e+00   0.0000000e+00   0.0000000e+00   0.0000000e+00
    1   0.0000000e+00   0.0000000e+00   0.0000000e+00   0.0000000e+00
    1   0.0000000e+00   0.0000000e+00   0.0000000e+00   0.0000000e+00
    1   0.0000000e+00   0.0000000e+00   0.0000000e+00   0.0000000e+00
    1   0.0000000e+00   0.0000000e+00   0.0000000e+00   0.0000000e+00
    1   0.0000000e+00   0.0000000e+00   0.0000000e+00   0.0000000e+00
    1   0.0000000e+00   0.0000000e+00   0.0000000e+00   0.0000000e+00
    1   0.0000000e+00   0.0000000e+00   0.0000000e+00   0.0000000e+00
    1   0.0000000e+00   0.0000000e+00   0.0000000e+00   0.0000000e+00
    2   2.5000000e-02   1.5101487e-02   1.5101869e-02   1.4732810e-02
    2   2.5000000e-02   1.5101487e-02   1.5101869e-02   1.4732810e-02
    2   2.5000000e-02   1.5101487e-02   1.5101869e-02   1.4732810e-02
    2   2.5000000e-02   1.5101487e-02   1.5101869e-02   1.4732810e-02
    2   2.5000000e-02   1.5101487e-02   1.5101869e-02   1.4732810e-02
    2   2.5000000e-02   1.5101487e-02   1.5101869e-02   1.4732810e-02
    2   2.5000000e-02   1.5101487e-02   1.5101869e-02   1.4732810e-02
    2   2.5000000e-02   1.5101487e-02   1.5101869e-02   1.4732810e-02
    2   2.5000000e-02   1.5101487e-02   1.5101869e-02   1.4732810e-02
    2   2.5000000e-02   1.5101487e-02   1.5101869e-02   1.4732810e-02
    2   2.5000000e-02   1.5101487e-02   1.5101869e-02   1.4732810e-02
    2   2.5000000e-02   1.5101487e-02   1.5101869e-02   1.4732810e-02
    2   2.5000000e-02   1.5101487e-02   1.5101869e-02   1.4732810e-02
    2   2.5000000e-02   1.5101487e-02   1.5101869e-02   1.4732810e-02
    2   2.5000000e-02   1.5101487e-02   1.5101869e-02   1.4732810e-02
    2   2.5000000e-02   1.5101487e-02   1.5101869e-02   1.4732810e-02
    2   2.5000000e-02   1.5101487e-02   1.5101869e-02   1.4732810e-02
    2   2.5000000e-02   1.5101487e-02   1.5101869e-02   1.4732810e-02
    2   2.5000000e-02   1.5101487e-02   1.5101869e-02   1.4732810e-02
    2   2.5000000e-02   1.5101487e-02   1.5101869e-02   1.4732810e-02
    2   2.5000000e-02   1.5101487e-02   1.5101869e-02   1.4732810e-02
    2   2.5000000e-02   1.5101487e-02   1.5101869e-02   1.4732810e-02
    3   7.5000000e-02   4.6059744e-02   4.6060891e-02   4.5326762e-02
    3   7.5000000e-02   4.6059744e-02   4.6060891e-02   4.5326762e-02
    3   7.5000000e-02   4.6059744e-02   4.6060891e-02   4.5326762e-02
    3   7.5000000e-02   4.6059744e-02   4.6060891e-02   4.5326762e-02
    3   7.5000000e-02   4.6059744e-02   4.6060891e-02   4.5326762e-02
    3   7.5000000e-02   4.6059744e-02   4.6060891e-02   4.5326762e-02
    3   7.5000000e-02   4.6059744e-02   4.6060891e-02   4.5326762e-02
    3   7.5000000e-02   4.6059744e-02   4.6060891e-02   4.5326762e-02
    3   7.5000000e-02   4.6059744e-02   4.6060891e-02   4.5326762e-02
    3   7.5000000e-02   4.6059744e-02   4.6060891e-02   4.5326762e-02
    3   7.5000000e-02   4.6059744e-02   4.6060891e-02   4.5326762e-02
    3   7.5000000e-02   4.6059744e-02   4.6060891e-02   4.5326762e-02
    3   7.5000000e-02   4.6059744e-02   4.6060891e-02   4.5326762e-02
    3   7.5000000e-02   4.6059744e-02   4.6060891e-02   4.5326762e-02
    3   7.5000000e-02   4.6059744e-02   4.6060891e-02   4.5326762e-02
    3   7.5000000e-02   4.6059744e-02   4.6060891e-02   4.5326762e-02
    3   7.5000000e-02   4.6059744e-02   4.6060891e-02   4.5326762e-02
    3   7.5000000e-02   4.6059744e-02   4.6060891e-02   4.5326762e-02
    3   7.5000000e-02   4.6059744e-02   4.6060891e-02   4.5326762e-02
    3   7.5000000e-02   4.6059744e-02   4.6060891e-02   4.5326762e-02
    3   7.5000000e-02   4.6059744e-02   4.6060891e-02   4.5326762e-02
    3   7.5000000e-02   4.6059744e-02   4.6060891e-02   4.5326762e-02
    4   1.2500000e-01   7.8566446e-02   7.8568353e-02   7.7489298e-02
    4   1.2500000e-01   7.8566446e-02   7.8568353e-02   7.7489298e-02
    4   1.2500000e-01   7.8566446e-02   7.8568353e-02   7.7489298e-02
    4   1.2500000e-01   7.8566446e-02   7.8568353e-02   7.7489298e-02
    4   1.2500000e-01   7.8566446e-02   7.8568353e-02   7.7489298e-02
    4   1.2500000e-01   7.8566446e-02   7.8568353e-02   7.7489298e-02
    4   1.2500000e-01   7.8566446e-02   7.8568353e-02   7.7489298e-02
    4   1.2500000e-01   7.8566446e-02   7.8568353e-02   7.7489298e-02
    4   1.2500000e-01   7.8566446e-02   7.8568353e-02   7.7489298e-02
    4   1.2500000e-01   7.8566446e-02   7.8568353e-02   7.7489298e-02
    4   1.2500000e-01   7.8566446e-02   7.8568353e-02   7.7489298e-02
    4   1.2500000e-01   7.8566446e-02   7.8568353e-02   7.7489298e-02
    4   1.2500000e-01   7.8566446e-02   7.8568353e-02   7.7489298e-02
    4   1.2500000e-01   7.8566446e-02   7.8568353e-02   7.7489298e-02
    4   1.2500000e-01   7.8566446e-02   7.8568353e-02   7.7489298e-02
    4   1.2500000e-01   7.8566446e-02   7.8568353e-02   7.7489298e-02
    4   1.2500000e-01   7.8566446e-02   7.8568353e-02   7.7489298e-02
    4   1.2500000e-01   7.8566446e-02   7.8568353e-02   7.7489298e-02
    4   1.2500000e-01   7.8566446e-02   7.8568353e-02   7.7489298e-02
    4   1.2500000e-01   7.8566446e-02   7.8568353e-02   7.7489298e-02
    4   1.2500000e-01   7.8566446e-02   7.8568353e-02   7.7489298e-02
    4   1.2500000e-01   7.8566446e-02   7.8568353e-02   7.7489298e-02
    5   1.7500000e-01   1.1269930e-01   1.1270194e-01   1.1130084e-01
    5   1.7500000e-01   1.1269930e-01   1.1270194e-01   1.1130084e-01
    5   1.7500000e-01   1.1269930e-01   1.1270194e-01   1.1130084e-01
    5   1.7500000e-01   1.1269930e-01   1.1270194e-01   1.1130084e-01
    5   1.7500000e-01   1.1269930e-01   1.1270194e-01   1.1130084e-01
    5   1.7500000e-01   1.1269930e-01   1.1270194e-01   1.1130084e-01
    5   1.7500000e-01   1.1269930e-01   1.1270194e-01   1.1130084e-01
    5   1.7500000e-01   1.1269930e-01   1.1270194e-01   1.1130084e-01
    5   1.7500000e-01   1.1269930e-01   1.1270194e-01   1.1130084e-01
    5   1.7500000e-01   1.1269930e-01   1.1270194e-01   1.1130084e-01
    5   1.7500000e-01   1.1269930e-01   1.1270194e-01   1.1130084e-01
    5   1.7500000e-01   1.1269930e-01   1.1270194e-01   1.1130084e-01
    5   1.7500000e-01   1.1269930e-01   1.1270194e-01   1.1130084e-01
    5   1.7500000e-01   1.1269930e-01   1.1270194e-01   1.1130084e-01
    5   1.7500000e-01   1.1269930e-01   1.1270194e-01   1.1130084e-01
    5   1.7500000e-01   1.1269930e-01   1.1270194e-01   1.1130084e-01
    5   1.7500000e-01   1.1269930e-01   1.1270194e-01   1.1130084e-01
    5   1.7500000e-01   1.1269930e-01   1.1270194e-01   1.1130084e-01
    5   1.7500000e-01   1.1269930e-01   1.1270194e-01   1.1130084e-01
    5   1.7500000e-01   1.1269930e-01   1.1270194e-01   1.1130084e-01
    5   1.7500000e-01   1.1269930e-01   1.1270194e-01   1.1130084e-01
    5   1.7500000e-01   1.1269930e-01   1.1270194e-01   1.1130084e-01
    6   2.2500000e-01   1.4853990e-01   1.4854322e-01   1.4684594e-01
    6   2.2500000e-01   1.4853990e-01   1.4854322e-01   1.4684594e-01
    6   2.2500000e-01   1.4853990e-01   1.4854322e-01   1.4684594e-01
    6   2.2500000e-01   1.4853990e-01   1.4854322e-01   1.4684594e-01
    6   2.2500000e-01   1.4853990e-01   1.4854322e-01   1.4684594e-01
    6   2.2500000e-01   1.4853990e-01   1.4854322e-01   1.4684594e-01
    6   2.2500000e-01   1.4853990e-01   1.4854322e-01   1.4684594e-01
    6   2.2500000e-01   1.4853990e-01   1.4854322e-01   1.4684594e-01
    6   2.2500000e-01   1.4853990e-01   1.4854322e-01   1.4684594e-01
    6   2.2500000e-01   1.4853990e-01   1.4854322e-01   1.4684594e-01
    6   2.2500000e-01   1.4853990e-01   1.4854322e-01   1.4684594e-01
    6   2.2500000e-01   1.4853990e-01   1.4854322e-01   1.4684594e-01
    6   2.2500000e-01   1.4853990e-01   1.4854322e-01   1.4684594e-01
    6   2.2500000e-01   1.4853990e-01   1.4854322e-01   1.4684594e-01
    6   2.2500000e-01   1.4853990e-01   1.4854322e-01   1.4684594e-01
    6   2.2500000e-01   1.4853990e-01   1.4854322e-01   1.4684594e-01
    6   2.2500000e-01   1.4853990e-01   1.4854322e-01   1.4684594e-01
    6   2.2500000e-01   1.4853990e-01   1.4854322e-01   1.4684594e-01
    6   2.2500000e-01   1.4853990e-01   1.4854322e-01   1.4684594e-01
    6   2.2500000e-01   1.4853990e-01   1.4854322e-01   1.4684594e-01
    6   2.2500000e-01   1.4853990e-01   1.4854322e-01   1.4684594e-01
    6   2.2500000e-01   1.4853990e-01   1.4854322e-01   1.4684594e-01
    7   2.7500000e-01   1.8617386e-01   1.8617779e-01   1.8421348e-01
    7   2.7500000e-01   1.8617386e-01   1.8617779e-01   1.8421348e-01
    7   2.7500000e-01   1.8617386e-01   1.8617779e-01   1.8421348e-01
    7   2.7500000e-01   1.8617386e-01   1.8617779e-01   1.8421348e-01
    7   2.7500000e-01   1.8617386e-01   1.8617779e-01   1.8421348e-01
    7   2.7500000e-01   1.8617386e-01   1.8617779e-01   1.8421348e-01
    7   2.7500000e-01   1.8617386e-01   1.8617779e-01   1.8421348e-01
    7   2.7500000e-01   1.8617386e-01   1.8617779e-01   1.8421348e-01
    7   2.7500000e-01   1.8617386e-01   1.8617779e-01   1.8421348e-01
    7   2.7500000e-01   1.8617386e-01   1.8617779e-01   1.8421348e-01
    7   2.7500000e-01   1.8617386e-01   1.8617779e-01   1.8421348e-01
    7   2.7500000e-01   1.8617386e-01   1.8617779e-01   1.8421348e-01
    7   2.7500000e-01   1.8617386e-01   1.8617779e-01   1.8421348e-01
    7   2.7500000e-01   1.8617386e-01   1.8617779e-01   1.8421348e-01
    7   2.7500000e-01   1.8617386e-01   1.8617779e-01   1.8421348e-01
    7   2.7500000e-01   1.8617386e-01   1.8617779e-01   1.8421348e-01
    7   2.7500000e-01   1.8617386e-01   1.8617779e-01   1.8421348e-01
    7   2.7500000e-01   1.8617386e-01   1.8617779e-01   1.8421348e-01
    7   2.7500000e-01   1.8617386e-01   1.8617779e-01   1.8421348e-01
    7   2.7500000e-01   1.8617386e-01   1.8617779e-01   1.8421348e-01
    7   2.7500000e-01   1.8617386e-01   1.8617779e-01   1.8421348e-01
    7   2.7500000e-01   1.8617386e-01   1.8617779e-01   1.8421348e-01
    8   3.2500000e-01   2.2569107e-01   2.2569554e-01   2.2349689e-01
    8   3.2500000e-01   2.2569107e-01   2.2569554e-01   2.2349689e-01
    8   3.2500000e-01   2.2569107e-01   2.2569554e-01   2.2349689e-01
    8   3.2500000e-01   2.2569107e-01   2.2569554e-01   2.2349689e-01
    8   3.2500000e-01   2.2569107e-01   2.2569554e-01   2.2349689e-01
    8   3.2500000e-01   2.2569107e-01   2.2569554e-01   2.2349689e-01
    8   3.2500000e-01   2.2569107e-01   2.2569554e-01   2.2349689e-01
    8   3.2500000e-01   2.2569107e-01   2.2569554e-01   2.2349689e-01
    8   3.2500000e-01   2.2569107e-01   2.2569554e-01   2.2349689e-01
    8   3.2500000e-01   2.2569107e-01   2.2569554e-01   2.2349689e-01
    8   3.2500000e-01   2.2569107e-01   2.2569554e-01   2.2349689e-01
    8   3.2500000e-01   2.2569107e-01   2.2569554e-01   2.2349689e-01
    8   3.2500000e-01   2.2569107e-01   2.2569554e-01   2.2349689e-01
    8   3.2500000e-01   2.2569107e-01   2.2569554e-01   2.2349689e-01
    8   3.2500000e-01   2.2569107e-01   2.2569554e-01   2.2349689e-01
    8   3.2500000e-01   2.2569107e-01   2.2569554e-01   2.2349689e-01
    8   3.2500000e-01   2.2569107e-01   2.2569554e-01   2.2349689e-01
    8   3.2500000e-01   2.2569107e-01   2.2569554e-01   2.2349689e-01
    8   3.2500000e-01   2.2569107e-01   2.2569554e-01   2.2349689e-01
    8   3.2500000e-01   2.2569107e-01   2.2569554e-01   2.2349689e-01
    8   3.2500000e-01   2.2569107e-01   2.2569554e-01   2.2349689e-01
    8   3.2500000e-01   2.2569107e-01   2.2569554e-01   2.2349689e-01
    9   3.7500000e-01   2.6718590e-01   2.6719079e-01   2.6479441e-01
    9   3.7500000e-01   2.6718590e-01   2.6719079e-01   2.6479441e-01
    9   3.7500000e-01   2.6718590e-01   2.6719079e-01   2.6479441e-01
    9   3.7500000e-01   2.6718590e-01   2.6719079e-01   2.6479441e-01
    9   3.7500000e-01   2.6718590e-01   2.6719079e-01   2.6479441e-01
    9   3.7500000e-01   2.6718590e-01   2.6719079e-01   2.6479441e-01
    9   3.7500000e-01   2.6718590e-01   2.6719079e-01   2.6479441e-01
    9   3.7500000e-01   2.6718590e-01   2.6719079e-01   2.6479441e-01
    9   3.7500000e-01   2.6718590e-01   2.6719079e-01   2.6479441e-01
    9   3.7500000e-01   2.6718590e-01   2.6719079e-01   2.6479441e-01
    9   3.7500000e-01   2.6718590e-01   2.6719079e-01   2.6479441e-01
    9   3.7500000e-01   2.6718590e-01   2.6719079e-01   2.6479441e-01
    9   3.7500000e-01   2.6718590e-01   2.6719079e-01   2.6479441e-01
    9   3.7500000e-01   2.6718590e-01   2.6719079e-01   2.6479441e-01
    9   3.7500000e-01   2.6718590e-01   2.6719079e-01   2.6479441e-01
    9   3.7500000e-01   2.6718590e-01   2.6719079e-01   2.6479441e-01
    9   3.7500000e-01   2.6718590e-01   2.6719079e-01   2.6479441e-01
    9   3.7500000e-01   2.6718590e-01   2.6719079e-01   2.6479441e-01
    9   3.7500000e-01   2.6718590e-01   2.6719079e-01   2.6479441e-01
    9   3.7500000e-01   2.6718590e-01   2.6719079e-01   2.6479441e-01
    9   3.7500000e-01   2.6718590e-01   2.6719079e-01   2.6479441e-01
    9   3.7500000e-01   2.6718590e-01   2.6719079e-01   2.6479441e-01
   10   4.2500000e-01   3.1075737e-01   3.1076258e-01   3.0820929e-01
   10   4.2500000e-01   3.1075737e-01   3.1076258e-01   3.0820929e-01
   10   4.2500000e-01   3.1075737e-01   3.1076258e-01   3.0820929e-01
   10   4.2500000e-01   3.1075737e-01   3.1076258e-01   3.0820929e-01
   10   4.2500000e-01   3.1075737e-01   3.1076258e-01   3.0820929e-01
   10   4.2500000e-01   3.1075737e-01   3.1076258e-01   3.0820929e-01
   10   4.2500000e-01   3.1075737e-01   3.1076258e-01   3.0820929e-01
   10   4.2500000e-01   3.1075737e-01   3.1076258e-01   3.0820929e-01
   10   4.2500000e-01   3.1075737e-01   3.1076258e-01   3.0820929e-01
   10   4.2500000e-01   3.1075737e-01   3.1076258e-01   3.0820929e-01
   10   4.2500000e-01   3.1075737e-01   3.1076258e-01   3.0820929e-01
   10   4.2500000e-01   3.1075737e-01   3.1076258e-01   3.0820929e-01
   10   4.2500000e-01   3.1075737e-01   3.1076258e-01   3.0820929e-01
   10   4.2500000e-01   3.1075737e-01   3.1076258e-01   3.0820929e-01
   10   4.2500000e-01   3.1075737e-01   3.1076258e-01   3.0820929e-01
   10   4.2500000e-01   3.1075737e-01   3.1076258e-01   3.0820929e-01
   10   4.2500000e-01   3.1075737e-01   3.1076258e-01   3.0820929e-01
   10   4.2500000e-01   3.1075737e-01   3.1076258e-01   3.0820929e-01
   10   4.2500000e-01   3.1075737e-01   3.1076258e-01   3.0820929e-01
   10   4.2500000e-01   3.1075737e-01   3.1076258e-01   3.0820929e-01
   10   4.2500000e-01   3.1075737e-01   3.1076258e-01   3.0820929e-01
   10   4.2500000e-01   3.1075737e-01   3.1076258e-01   3.0820929e-01
   11   4.7500000e-01   3.5650942e-01   3.5651482e-01   3.5385010e-01
   11   4.7500000e-01   3.5650942e-01   3.5651482e-01   3.5385010e-01
   11   4.7500000e-01   3.5650942e-01   3.5651482e-01   3.5385010e-01
   11   4.7500000e-01   3.5650942e-01   3.5651482e-01   3.5385010e-01
   11   4.7500000e-01   3.5650942e-01   3.5651482e-01   3.5385010e-01
   11   4.7500000e-01   3.5650942e-01   3.5651482e-01   3.5385010e-01
   11   4.7500000e-01   3.5650942e-01   3.5651482e-01   3.5385010e-01
   11   4.7500000e-01   3.5650942e-01   3.5651482e-01   3.5385010e-01
   11   4.7500000e-01   3.5650942e-01   3.5651482e-01   3.5385010e-01
   11   4.7500000e-01   3.5650942e-01   3.5651482e-01   3.5385010e-01
   11   4.7500000e-01   3.5650942e-01   3.5651482e-01   3.5385010e-01
   11   4.7500000e-01   3.5650942e-01   3.5651482e-01   3.5385010e-01
   11   4.7500000e-01   3.5650942e-01   3.5651482e-01   3.5385010e-01
   11   4.7500000e-01   3.5650942e-01   3.5651482e-01   3.5385010e-01
   11   4.7500000e-01   3.5650942e-01   3.5651482e-01   3.5385010e-01
   11   4.7500000e-01   3.5650942e-01   3.5651482e-01   3.5385010e-01
   11   4.7500000e-01   3.5650942e-01   3.5651482e-01   3.5385010e-01
   11   4.7500000e-01   3.5650942e-01   3.5651482e-01   3.5385010e-01
   11   4.7500000e-01   3.5650942e-01   3.5651482e-01   3.5385010e-01
   11   4.7500000e-01   3.5650942e-01   3.5651482e-01   3.5385010e-01
   11   4.7500000e-01   3.5650942e-01   3.5651482e-01   3.5385010e-01
   11   4.7500000e-01   3.5650942e-01   3.5651482e-01   3.5385010e-01
   12   5.2500000e-01   4.0455115e-01   4.0455661e-01   4.0183097e-01
   12   5.2500000e-01   4.0455115e-01   4.0455661e-01   4.0183097e-01
   12   5.2500000e-01   4.0455115e-01   4.0455661e-01   4.0183097e-01
   12   5.2500000e-01   4.0455115e-01   4.0455661e-01   4.0183097e-01
   12   5.2500000e-01   4.0455115e-01   4.0455661e-01   4.0183097e-01
   12   5.2500000e-01   4.0455115e-01   4.0455661e-01   4.0183097e-01
   12   5.2500000e-01   4.0455115e-01   4.0455661e-01   4.0183097e-01
   12   5.2500000e-01   4.0455115e-01   4.0455661e-01   4.0183097e-01
   12   5.2500000e-01   4.0455115e-01   4.0455661e-01   4.0183097e-01
   12   5.2500000e-01   4.0455115e-01   4.0455661e-01   4.0183097e-01
   12   5.2500000e-01   4.0455115e-01   4.0455661e-01   4.0183097e-01
   12   5.2500000e-01   4.0455115e-01   4.0455661e-01   4.0183097e-01
   12   5.2500000e-01   4.0455115e-01   4.0455661e-01   4.0183097e-01
   12   5.2500000e-01   4.0455115e-01   4.0455661e-01   4.0183097e-01
   12   5.2500000e-01   4.0455115e-01   4.0455661e-01   4.0183097e-01
   12   5.2500000e-01   4.0455115e-01   4.0455661e-01   4.0183097e-01
   12   5.2500000e-01   4.0455115e-01   4.0455661e-01   4.0183097e-01
   12   5.2500000e-01   4.0455115e-01   4.0455661e-01   4.0183097e-01
   12   5.2500000e-01   4.0455115e-01   4.0455661e-01   4.0183097e-01
   12   5.2500000e-01   4.0455115e-01   4.0455661e-01   4.0183097e-01
   12   5.2500000e-01   4.0455115e-01   4.0455661e-01   4.0183097e-01
   12   5.2500000e-01   4.0455115e-01   4.0455661e-01   4.0183097e-01
   13   5.7500000e-01   4.5499705e-01   4.5500243e-01   4.5227186e-01
   13   5.7500000e-01   4.5499705e-01   4.5500243e-01   4.5227186e-01
   13   5.7500000e-01   4.5499705e-01   4.5500243e-01   4.5227186e-01
   13   5.7500000e-01   4.5499705e-01   4.5500243e-01   4.5227186e-01
   13   5.7500000e-01   4.5499705e-01   4.5500243e-01   4.5227186e-01
   13   5.7500000e-01   4.5499705e-01   4.5500243e-01   4.5227186e-01
   13   5.7500000e-01   4.5499705e-01   4.5500243e-01   4.5227186e-01
   13   5.7500000e-01   4.5499705e-01   4.5500243e-01   4.5227186e-01
   13   5.7500000e-01   4.5499705e-01   4.5500243e-01   4.5227186e-01
   13   5.7500000e-01   4.5499705e-01   4.5500243e-01   4.5227186e-01
   13   5.7500000e-01   4.5499705e-01   4.5500243e-01   4.5227186e-01
   13   5.7500000e-01   4.5499705e-01   4.5500243e-01   4.5227186e-01
   13   5.7500000e-01   4.5499705e-01   4.5500243e-01   4.5227186e-01
   13   5.7500000e-01   4.5499705e-01   4.5500243e-01   4.5227186e-01
   13   5.7500000e-01   4.5499705e-01   4.5500243e-01   4.5227186e-01
   13   5.7500000e-01   4.5499705e-01   4.5500243e-01   4.5227186e-01
   13   5.7500000e-01   4.5499705e-01   4.5500243e-01   4.5227186e-01
   13   5.7500000e-01   4.5499705e-01   4.5500243e-01   4.5227186e-01
   13   5.7500000e-01   4.5499705e-01   4.5500243e-01   4.5227186e-01
   13   5.7500000e-01   4.5499705e-01   4.5500243e-01   4.5227186e-01
   13   5.7500000e-01   4.5499705e-01   4.5500243e-01   4.5227186e-01
   13   5.7500000e-01   4.5499705e-01   4.5500243e-01   4.5227186e-01
   14   6.2500000e-01   5.0796728e-01   5.0797245e-01   5.0529892e-01
   14   6.2500000e-01   5.0796728e-01   5.0797245e-01   5.0529892e-01
   14   6.2500000e-01   5.0796728e-01   5.0797245e-01   5.0529892e-01
   14   6.2500000e-01   5.0796728e-01   5.0797245e-01   5.0529892e-01
   14   6.2500000e-01   5.0796728e-01   5.0797245e-01   5.0529892e-01
   14   6.2500000e-01   5.0796728e-01   5.0797245e-01   5.0529892e-01
   14   6.2500000e-01   5.0796728e-01   5.0797245e-01   5.0529892e-01
   14   6.2500000e-01   5.0796728e-01   5.0797245e-01   5.0529892e-01
   14   6.2500000e-01   5.0796728e-01   5.0797245e-01   5.0529892e-01
   14   6.2500000e-01   5.0796728e-01   5.0797245e-01   5.0529892e-01
   14   6.2500000e-01   5.0796728e-01   5.0797245e-01   5.0529892e-01
   14   6.2500000e-01   5.0796728e-01   5.0797245e-01   5.0529892e-01
   14   6.2500000e-01   5.0796728e-01   5.0797245e-01   5.0529892e-01
   14   6.2500000e-01   5.0796728e-01   5.0797245e-01   5.0529892e-01
   14   6.2500000e-01   5.0796728e-01   5.0797245e-01   5.0529892e-01
   14   6.2500000e-01   5.0796728e-01   5.0797245e-01   5.0529892e-01
   14   6.2500000e-01   5.0796728e-01   5.0797245e-01   5.0529892e-01
   14   6.2500000e-01   5.0796728e-01   5.0797245e-01   5.0529892e-01
   14   6.2500000e-01   5.0796728e-01   5.0797245e-01   5.0529892e-01
   14   6.2500000e-01   5.0796728e-01   5.0797245e-01   5.0529892e-01
   14   6.2500000e-01   5.0796728e-01   5.0797245e-01   5.0529892e-01
   14   6.2500000e-01   5.0796728e-01   5.0797245e-01   5.0529892e-01
   15   6.7500000e-01   5.6358798e-01   5.6359281e-01   5.6104474e-01
   15   6.7500000e-01   5.6358798e-01   5.6359281e-01   5.6104474e-01
   15   6.7500000e-01   5.6358798e-01   5.6359281e-01   5.6104474e-01
   15   6.7500000e-01   5.6358798e-01   5.6359281e-01   5.6104474e-01
   15   6.7500000e-01   5.6358798e-01   5.6359281e-01   5.6104474e-01
   15   6.7500000e-01   5.6358798e-01   5.6359281e-01   5.6104474e-01
   15   6.7500000e-01   5.6358798e-01   5.6359281e-01   5.6104474e-01
   15   6.7500000e-01   5.6358798e-01   5.6359281e-01   5.6104474e-01
   15   6.7500000e-01   5.6358798e-01   5.6359281e-01   5.6104474e-01
   15   6.7500000e-01   5.6358798e-01   5.6359281e-01   5.6104474e-01
   15   6.7500000e-01   5.6358798e-01   5.6359281e-01   5.6104474e-01
   15   6.7500000e-01   5.6358798e-01   5.6359281e-01   5.6104474e-01
   15   6.7500000e-01   5.6358798e-01   5.6359281e-01   5.6104474e-01
   15   6.7500000e-01   5.6358798e-01   5.6359281e-01   5.6104474e-01
   15   6.7500000e-01   5.6358798e-01   5.6359281e-01   5.6104474e-01
   15   6.7500000e-01   5.6358798e-01   5.6359281e-01   5.6104474e-01
   15   6.7500000e-01   5.6358798e-01   5.6359281e-01   5.6104474e-01
   15   6.7500000e-01   5.6358798e-01   5.6359281e-01   5.6104474e-01
   15   6.7500000e-01   5.6358798e-01   5.6359281e-01   5.6104474e-01
   15   6.7500000e-01   5.6358798e-01   5.6359281e-01   5.6104474e-01
   15   6.7500000e-01   5.6358798e-01   5.6359281e-01   5.6104474e-01
   15   6.7500000e-01   5.6358798e-01   5.6359281e-01   5.6104474e-01
   16   7.2500000e-01   6.2199152e-01   6.2199587e-01   6.1964870e-01
   16   7.2500000e-01   6.2199152e-01   6.2199587e-01   6.1964870e-01
   16   7.2500000e-01   6.2199152e-01   6.2199587e-01   6.1964870e-01
   16   7.2500000e-01   6.2199152e-01   6.2199587e-01   6.1964870e-01
   16   7.2500000e-01   6.2199152e-01   6.2199587e-01   6.1964870e-01
   16   7.2500000e-01   6.2199152e-01   6.2199587e-01   6.1964870e-01
   16   7.2500000e-01   6.2199152e-01   6.2199587e-01   6.1964870e-01
   16   7.2500000e-01   6.2199152e-01   6.2199587e-01   6.1964870e-01
   16   7.2500000e-01   6.2199152e-01   6.2199587e-01   6.1964870e-01
   16   7.2500000e-01   6.2199152e-01   6.2199587e-01   6.1964870e-01
   16   7.2500000e-01   6.2199152e-01   6.2199587e-01   6.1964870e-01
   16   7.2500000e-01   6.2199152e-01   6.2199587e-01   6.1964870e-01
   16   7.2500000e-01   6.2199152e-01   6.2199587e-01   6.1964870e-01
   16   7.2500000e-01   6.2199152e-01   6.2199587e-01   6.1964870e-01
   16   7.2500000e-01   6.2199152e-01   6.2199587e-01   6.1964870e-01
   16   7.2500000e-01   6.2199152e-01   6.2199587e-01   6.1964870e-01
   16   7.2500000e-01   6.2199152e-01   6.2199587e-01   6.1964870e-01
   16   7.2500000e-01   6.2199152e-01   6.2199587e-01   6.1964870e-01
   16   7.2500000e-01   6.2199152e-01   6.2199587e-01   6.1964870e-01
   16   7.2500000e-01   6.2199152e-01   6.2199587e-01   6.1964870e-01
   16   7.2500000e-01   6.2199152e-01   6.2199587e-01   6.1964870e-01
   16   7.2500000e-01   6.2199152e-01   6.2199587e-01   6.1964870e-01
   17   7.7500000e-01   6.8331683e-01   6.8332059e-01   6.8125735e-01
   17   7.7500000e-01   6.8331683e-01   6.8332059e-01   6.8125735e-01
   17   7.7500000e-01   6.8331683e-01   6.8332059e-01   6.8125735e-01
   17   7.7500000e-01   6.8331683e-01   6.8332059e-01   6.8125735e-01
   17   7.7500000e-01   6.8331683e-01   6.8332059e-01   6.8125735e-01
   17   7.7500000e-01   6.8331683e-01   6.8332059e-01   6.8125735e-01
   17   7.7500000e-01   6.8331683e-01   6.8332059e-01   6.8125735e-01
   17   7.7500000e-01   6.8331683e-01   6.8332059e-01   6.8125735e-01
   17   7.7500000e-01   6.8331683e-01   6.8332059e-01   6.8125735e-01
   17   7.7500000e-01   6.8331683e-01   6.8332059e-01   6.8125735e-01
   17   7.7500000e-01   6.8331683e-01   6.8332059e-01   6.8125735e-01
   17   7.7500000e-01   6.8331683e-01   6.8332059e-01   6.8125735e-01
   17   7.7500000e-01   6.8331683e-01   6.8332059e-01   6.8125735e-01
   17   7.7500000e-01   6.8331683e-01   6.8332059e-01   6.8125735e-01
   17   7.7500000e-01   6.8331683e-01   6.8332059e-01   6.8125735e-01
   17   7.7500000e-01   6.8331683e-01   6.8332059e-01   6.8125735e-01
   17   7.7500000e-01   6.8331683e-01   6.8332059e-01   6.8125735e-01
   17   7.7500000e-01   6.8331683e-01   6.8332059e-01   6.8125735e-01
   17   7.7500000e-01   6.8331683e-01   6.8332059e-01   6.8125735e-01
   17   7.7500000e-01   6.8331683e-01   6.8332059e-01   6.8125735e-01
   17   7.7500000e-01   6.8331683e-01   6.8332059e-01   6.8125735e-01
   17   7.7500000e-01   6.8331683e-01   6.8332059e-01   6.8125735e-01
   18   8.2500000e-01   7.4770977e-01   7.4771283e-01   7.4602475e-01
   18   8.2500000e-01   7.4770977e-01   7.4771283e-01   7.4602475e-01
   18   8.2500000e-01   7.4770977e-01   7.4771283e-01   7.4602475e-01
   18   8.2500000e-01   7.4770977e-01   7.4771283e-01   7.4602475e-01
   18   8.2500000e-01   7.4770977e-01   7.4771283e-01   7.4602475e-01
   18   8.2500000e-01   7.4770977e-01   7.4771283e-01   7.4602475e-01
   18   8.2500000e-01   7.4770977e-01   7.4771283e-01   7.4602475e-01
   18   8.2500000e-01   7.4770977e-01   7.4771283e-01   7.4602475e-01
   18   8.2500000e-01   7.4770977e-01   7.4771283e-01   7.4602475e-01
   18   8.2500000e-01   7.4770977e-01   7.4771283e-01   7.4602475e-01
   18   8.2500000e-01   7.4770977e-01   7.4771283e-01   7.4602475e-01
   18   8.2500000e-01   7.4770977e-01   7.4771283e-01   7.4602475e-01
   18   8.2500000e-01   7.4770977e-01   7.4771283e-01   7.4602475e-01
   18   8.2500000e-01   7.4770977e-01   7.4771283e-01   7.4602475e-01
   18   8.2500000e-01   7.4770977e-01   7.4771283e-01   7.4602475e-01
   18   8.2500000e-01   7.4770977e-01   7.4771283e-01   7.4602475e-01
   18   8.2500000e-01   7.4770977e-01   7.4771283e-01   7.4602475e-01
   18   8.2500000e-01   7.4770977e-01   7.4771283e-01   7.4602475e-01
   18   8.2500000e-01   7.4770977e-01   7.4771283e-01   7.4602475e-01
   18   8.2500000e-01   7.4770977e-01   7.4771283e-01   7.4602475e-01
   18   8.2500000e-01   7.4770977e-01   7.4771283e-01   7.4602475e-01
   18   8.2500000e-01   7.4770977e-01   7.4771283e-01   7.4602475e-01
   19   8.7500000e-01   8.1532343e-01   8.1532570e-01   8.1411284e-01
   19   8.7500000e-01   8.1532343e-01   8.1532570e-01   8.1411284e-01
   19   8.7500000e-01   8.1532343e-01   8.1532570e-01   8.1411284e-01
   19   8.7500000e-01   8.1532343e-01   8.1532570e-01   8.1411284e-01
   19   8.7500000e-01   8.1532343e-01   8.1532570e-01   8.1411284e-01
   19   8.7500000e-01   8.1532343e-01   8.1532570e-01   8.1411284e-01
   19   8.7500000e-01   8.1532343e-01   8.1532570e-01   8.1411284e-01
   19   8.7500000e-01   8.1532343e-01   8.1532570e-01   8.1411284e-01
   19   8.7500000e-01   8.1532343e-01   8.1532570e-01   8.1411284e-01
   19   8.7500000e-01   8.1532343e-01   8.1532570e-01   8.1411284e-01
   19   8.7500000e-01   8.1532343e-01   8.1532570e-01   8.1411284e-01
   19   8.7500000e-01   8.1532343e-01   8.1532570e-01   8.1411284e-01
   19   8.7500000e-01   8.1532343e-01   8.1532570e-01   8.1411284e-01
   19   8.7500000e-01   8.1532343e-01   8.1532570e-01   8.1411284e-01
   19   8.7500000e-01   8.1532343e-01   8.1532570e-01   8.1411284e-01
   19   8.7500000e-01   8.1532343e-01   8.1532570e-01   8.1411284e-01
   19   8.7500000e-01   8.1532343e-01   8.1532570e-01   8.1411284e-01
   19   8.7500000e-01   8.1532343e-01   8.1532570e-01   8.1411284e-01
   19   8.7500000e-01   8.1532343e-01   8.1532570e-01   8.1411284e-01
   19   8.7500000e-01   8.1532343e-01   8.1532570e-01   8.1411284e-01
   19   8.7500000e-01   8.1532343e-01   8.1532570e-01   8.1411284e-01
   19   8.7500000e-01   8.1532343e-01   8.1532570e-01   8.1411284e-01
   20   9.2500000e-01   8.8631850e-01   8.8631991e-01   8.8569188e-01
   20   9.2500000e-01   8.8631850e-01   8.8631991e-01   8.8569188e-01
   20   9.2500000e-01   8.8631850e-01   8.8631991e-01   8.8569188e-01
   20   9.2500000e-01   8.8631850e-01   8.8631991e-01   8.8569188e-01
   20   9.2500000e-01   8.8631850e-01   8.8631991e-01   8.8569188e-01
   20   9.2500000e-01   8.8631850e-01   8.8631991e-01   8.8569188e-01
   20   9.2500000e-01   8.8631850e-01   8.8631991e-01   8.8569188e-01
   20   9.2500000e-01   8.8631850e-01   8.8631991e-01   8.8569188e-01
   20   9.2500000e-01   8.8631850e-01   8.8631991e-01   8.8569188e-01
   20   9.2500000e-01   8.8631850e-01   8.8631991e-01   8.8569188e-01
   20   9.2500000e-01   8.8631850e-01   8.8631991e-01   8.8569188e-01
   20   9.2500000e-01   8.8631850e-01   8.8631991e-01   8.8569188e-01
   20   9.2500000e-01   8.8631850e-01   8.8631991e-01   8.8569188e-01
   20   9.2500000e-01   8.8631850e-01   8.8631991e-01   8.8569188e-01
   20   9.2500000e-01   8.8631850e-01   8.8631991e-01   8.8569188e-01
   20   9.2500000e-01   8.8631850e-01   8.8631991e-01   8.8569188e-01
   20   9.2500000e-01   8.8631850e-01   8.8631991e-01   8.8569188e-01
   20   9.2500000e-01   8.8631850e-01   8.8631991e-01   8.8569188e-01
   20   9.2500000e-01   8.8631850e-01   8.8631991e-01   8.8569188e-01
   20   9.2500000e-01   8.8631850e-01   8.8631991e-01   8.8569188e-01
   20   9.2500000e-01   8.8631850e-01   8.8631991e-01   8.8569188e-01
   20   9.2500000e-01   8.8631850e-01   8.8631991e-01   8.8569188e-01
   21   9.7500000e-01   9.6086371e-01   9.6086420e-01   9.6094086e-01
   21   9.7500000e-01   9.6086371e-01   9.6086420e-01   9.6094086e-01
   21   9.7500000e-01   9.6086371e-01   9.6086420e-01   9.6094086e-01
   21   9.7500000e-01   9.6086371e-01   9.6086420e-01   9.6094086e-01
   21   9.7500000e-01   9.6086371e-01   9.6086420e-01   9.6094086e-01
   21   9.7500000e-01   9.6086371e-01   9.6086420e-01   9.6094086e-01
   21   9.7500000e-01   9.6086371e-01   9.6086420e-01   9.6094086e-01
   21   9.7500000e-01   9.6086371e-01   9.6086420e-01   9.6094086e-01
   21   9.7500000e-01   9.6086371e-01   9.6086420e-01   9.6094086e-01
   21   9.7500000e-01   9.6086371e-01   9.6086420e-01   9.6094086e-01
   21   9.7500000e-01   9.6086371e-01   9.6086420e-01   9.6094086e-01
   21   9.7500000e-01   9.6086371e-01   9.6086420e-01   9.6094086e-01
   21   9.7500000e-01   9.6086371e-01   9.6086420e-01   9.6094086e-01
   21   9.7500000e-01   9.6086371e-01   9.6086420e-01   9.6094086e-01
   21   9.7500000e-01   9.6086371e-01   9.6086420e-01   9.6094086e-01
   21   9.7500000e-01   9.6086371e-01   9.6086420e-01   9.6094086e-01
   21   9.7500000e-01   9.6086371e-01   9.6086420e-01   9.6094086e-01
   21   9.7500000e-01   9.6086371e-01   9.6086420e-01   9.6094086e-01
   21   9.7500000e-01   9.6086371e-01   9.6086420e-01   9.6094086e-01
   21   9.7500000e-01   9.6086371e-01   9.6086420e-01   9.6094086e-01
   21   9.7500000e-01   9.6086371e-01   9.6086420e-01   9.6094086e-01
   21   9.7500000e-01   9.6086371e-01   9.6086420e-01   9.6094086e-01
   22   1.0000000e+00   1.0000000e+00   1.0000000e+00   1.0000000e+00
   22   1.0000000e+00   1.0000000e+00   1.0000000e+00   1.0000000e+00
   22   1.0000000e+00   1.0000000e+00   1.0000000e+00   1.0000000e+00
   22   1.0000000e+00   1.0000000e+00   1.0000000e+00   1.0000000e+00
   22   1.0000000e+00   1.0000000e+00   1.0000000e+00   1.0000000e+00
   22   1.0000000e+00   1.0000000e+00   1.0000000e+00   1.0000000e+00
   22   1.0000000e+00   1.0000000e+00   1.0000000e+00   1.0000000e+00
   22   1.0000000e+00   1.0000000e+00   1.0000000e+00   1.0000000e+00
   22   1.0000000e+00   1.0000000e+00   1.0000000e+00   1.0000000e+00
   22   1.0000000e+00   1.0000000e+00   1.0000000e+00   1.0000000e+00
   22   1.0000000e+00   1.0000000e+00   1.0000000e+00   1.0000000e+00
   22   1.0000000e+00   1.0000000e+00   1.0000000e+00   1.0000000e+00
   22   1.0000000e+00   1.0000000e+00   1.0000000e+00   1.0000000e+00
   22   1.0000000e+00   1.0000000e+00   1.0000000e+00   1.0000000e+00
   22   1.0000000e+00   1.0000000e+00   1.0000000e+00   1.0000000e+00
   22   1.0000000e+00   1.0000000e+00   1.0000000e+00   1.0000000e+00
   22   1.0000000e+00   1.0000000e+00   1.0000000e+00   1.0000000e+00
   22   1.0000000e+00   1.0000000e+00   1.0000000e+00   1.0000000e+00
   22   1.0000000e+00   1.0000000e+00   1.0000000e+00   1.0000000e+00
   22   1.0000000e+00   1.0000000e+00   1.0000000e+00   1.0000000e+00
   22   1.0000000e+00   1.0000000e+00   1.0000000e+00   1.0000000e+00
   22   1.0000000e+00   1.0000000e+00   1.0000000e+00   1.0000000e+00
