  0.0000000e+00   3.6179450e-01   3.6179450e-01   3.6179450e-01   3.6179450e-01   3.6179450e-01   3.6179450e-01   3.6179450e-01   3.6179450e-01   3.6179450e-01   3.6179450e-01   3.6179450e-01   3.6179450e-01   3.6179450e-01   3.6179450e-01   3.6179450e-01   3.6179450e-01   3.6179450e-01   3.6179450e-01   3.6179450e-01   3.6179450e-01   0.0000000e+00 
  2.9586419e-01   2.9586419e-01   2.9322638e-01   2.9230316e-01   2.9346094e-01   2.9612996e-01   2.9976811e-01   3.0399420e-01   3.0851759e-01   3.1296768e-01   3.1726897e-01   3.2150119e-01   3.2569251e-01   3.2984035e-01   3.3391326e-01   3.3784223e-01   3.4150528e-01   3.4471841e-01   3.4725795e-01   3.4893686e-01   3.4971439e-01   3.4971439e-01 
  1.7349254e-01   1.7349254e-01   1.6756564e-01   1.6504893e-01   1.6719599e-01   1.7315868e-01   1.8190924e-01   1.9263477e-01   2.0472156e-01   2.1770028e-01   2.3040068e-01   2.4293217e-01   2.5534363e-01   2.6762122e-01   2.7967967e-01   2.9132892e-01   3.0221573e-01   3.1177869e-01   3.1930743e-01   3.2419336e-01   3.2633257e-01   3.2633257e-01 
  7.1397739e-02   7.1397739e-02   6.3995533e-02   6.0532519e-02   6.3040620e-02   7.0753429e-02   8.2493238e-02   9.7269673e-02   1.1432907e-01   1.3308264e-01   1.5293235e-01   1.7272357e-01   1.9244854e-01   2.1201390e-01   2.3123642e-01   2.4978450e-01   2.6708249e-01   2.8224270e-01   2.9415543e-01   3.0186029e-01   3.0516693e-01   3.0516693e-01 
 -7.5808825e-03  -7.5808825e-03  -1.4796322e-02  -1.8100824e-02  -1.5005148e-02  -6.0955276e-03   7.4433456e-03   2.4570265e-02   4.4512600e-02   6.6740735e-02   9.0980841e-02   1.1591112e-01   1.4116627e-01   1.6642586e-01   1.9132730e-01   2.1535628e-01   2.3771718e-01   2.5725131e-01   2.7254448e-01   2.8236977e-01   2.8647390e-01   2.8647390e-01 
 -6.6042410e-02  -6.6042410e-02  -7.1945840e-02  -7.4044872e-02  -6.9791471e-02  -5.9617068e-02  -4.4667997e-02  -2.5997835e-02  -4.3763030e-03   1.9710246e-02   4.6027904e-02   7.4042765e-02   1.0284939e-01   1.3193419e-01   1.6075076e-01   1.8859407e-01   2.1445855e-01   2.3695654e-01   2.5444651e-01   2.6553797e-01   2.7001864e-01   2.7001864e-01 
 -1.0846995e-01  -1.0846995e-01  -1.1258825e-01  -1.1285853e-01  -1.0696203e-01  -9.5253868e-02  -7.8853218e-02  -5.8837954e-02  -3.5998571e-02  -1.0810217e-02   1.6517943e-02   4.5942088e-02   7.6577219e-02   1.0777287e-01   1.3883439e-01   1.6889004e-01   1.9675096e-01   2.2084607e-01   2.3938606e-01   2.5093207e-01   2.5541908e-01   2.5541908e-01 
 -1.3927952e-01  -1.3927952e-01  -1.4161005e-01  -1.3986563e-01  -1.3207396e-01  -1.1859198e-01  -1.0055205e-01  -7.9093264e-02  -5.5068962e-02  -2.8982125e-02  -1.0201848e-03   2.8872412e-02   6.0151032e-02   9.2144355e-02   1.2408976e-01   1.5500543e-01   1.8356881e-01   2.0808566e-01   2.2670397e-01   2.3804129e-01   2.4225154e-01   2.4225154e-01 
 -1.6211202e-01  -1.6211202e-01  -1.6288102e-01  -1.5920929e-01  -1.4946507e-01  -1.3406409e-01  -1.1420040e-01  -9.1116007e-02  -6.5770084e-02  -3.8739964e-02  -1.0244974e-02   1.9762893e-02   5.1006870e-02   8.2913985e-02   1.1474531e-01   1.4548120e-01   1.7373080e-01   1.9774773e-01   2.1569865e-01   2.2633772e-01   2.3007103e-01   2.3007103e-01 
 -1.7972603e-01  -1.7972603e-01  -1.7921581e-01  -1.7381016e-01  -1.6216035e-01  -1.4478171e-01  -1.2297547e-01  -9.8117720e-02  -7.1301557e-02  -4.3213564e-02  -1.4150560e-02   1.5877649e-02   4.6739526e-02   7.8016607e-02   1.0905797e-01   1.3887198e-01   1.6606748e-01   1.8891718e-01   2.0567210e-01   2.1527471e-01   2.1838841e-01   2.1838841e-01 
 -1.9411701e-01  -1.9411701e-01  -1.9257702e-01  -1.8563308e-01  -1.7216160e-01  -1.5281597e-01  -1.2904429e-01  -1.0236652e-01  -7.4011334e-02  -4.4787503e-02  -1.5101393e-02   1.4936255e-02   4.5250826e-02   7.5586621e-02   1.0541188e-01   1.3381142e-01   1.5945335e-01   1.8069521e-01   1.9590396e-01   2.0423664e-01   2.0662352e-01   2.0662352e-01 
 -2.0669487e-01  -2.0669487e-01  -2.0431029e-01  -1.9598380e-01  -1.8078486e-01  -1.5955418e-01  -1.3392337e-01  -1.0553351e-01  -7.5715656e-02  -4.5384693e-02  -1.5072326e-02   1.4965695e-02   4.4654539e-02   7.3883457e-02   1.0224601e-01   1.2893310e-01   1.5271528e-01   1.7207132e-01   1.8555159e-01   1.9250108e-01   1.9404313e-01   1.9404313e-01 
 -2.1845650e-01  -2.1845650e-01  -2.1534542e-01  -2.0574965e-01  -1.8900510e-01  -1.6616730e-01  -1.3898338e-01  -1.0917924e-01  -7.8145282e-02  -4.6872805e-02  -1.6012696e-02   1.4016494e-02   4.3082650e-02   7.1175878e-02   9.7999241e-02   1.2286583e-01   1.4468182e-01   1.6206998e-01   1.7372771e-01   1.7913836e-01   1.7965049e-01   1.7965049e-01 
 -2.3013514e-01  -2.3013514e-01  -2.2640474e-01  -2.1577305e-01  -1.9783300e-01  -1.7382835e-01  -1.4559051e-01  -1.1486452e-01  -8.3040515e-02  -5.1137835e-02  -1.9895350e-02   1.0113884e-02   3.8612280e-02   6.5647665e-02   9.1000522e-02   1.1409318e-01   1.3396582e-01   1.4937546e-01   1.5912680e-01   1.6280307e-01   1.6203585e-01   1.6203585e-01 
 -2.4231093e-01  -2.4231093e-01  -2.3810382e-01  -2.2677423e-01  -2.0816700e-01  -1.8366245e-01  -1.5511067e-01  -1.2420469e-01  -9.2266422e-02  -6.0277421e-02  -2.9000229e-02   8.9380646e-04   2.8859210e-02   5.4951199e-02   7.8982074e-02   1.0044850e-01   1.1849656e-01   1.3198632e-01   1.3978436e-01   1.4153289e-01   1.3920408e-01   1.3920408e-01 
 -2.5547291e-01  -2.5547291e-01  -2.5098918e-01  -2.3945094e-01  -2.2092181e-01  -1.9683854e-01  -1.6898864e-01  -1.3894215e-01  -1.0788741e-01  -7.6695972e-02  -4.6062426e-02  -1.6637197e-02   1.0694305e-02   3.5887537e-02   5.8733008e-02   7.8755206e-02   9.5163115e-02   1.0687814e-01   1.1278024e-01   1.1251362e-01   1.0839700e-01   1.0839700e-01 
 -2.7006592e-01  -2.7006592e-01  -2.6558848e-01  -2.5450438e-01  -2.3702451e-01  -2.1453733e-01  -1.8868280e-01  -1.6084772e-01  -1.3203729e-01  -1.0295647e-01  -7.4151725e-02  -4.6136878e-02  -1.9815870e-02   4.2750895e-03   2.5902041e-02   4.4578296e-02   5.9533642e-02   6.9713881e-02   7.3972005e-02   7.1876110e-02   6.5974301e-02   6.5974301e-02 
 -2.8651340e-01  -2.8651340e-01  -2.8241219e-01  -2.7259334e-01  -2.5730885e-01  -2.3778389e-01  -2.1543135e-01  -1.9140922e-01  -1.6651290e-01  -1.4125670e-01  -1.1600325e-01  -9.1073035e-02  -6.6831228e-02  -4.4599643e-02  -2.4652844e-02  -7.5208951e-03   6.0230870e-03   1.4937355e-02   1.8036708e-02   1.4734670e-02   7.5207173e-03   7.5207173e-03 
 -3.0519711e-01  -3.0519711e-01  -3.0189278e-01  -2.9419290e-01  -2.8228682e-01  -2.6713356e-01  -2.4984184e-01  -2.3129885e-01  -2.1208010e-01  -1.9251725e-01  -1.7279366e-01  -1.5300284e-01  -1.3315281e-01  -1.1439666e-01  -9.7334012e-02  -8.2553870e-02  -7.0810335e-02  -6.3094239e-02  -6.0583649e-02  -6.4045005e-02  -7.1445994e-02  -7.1445994e-02 
 -3.2635166e-01  -3.2635166e-01  -3.2421393e-01  -3.1933109e-01  -3.1180646e-01  -3.0224780e-01  -2.9136482e-01  -2.7971865e-01  -2.6766246e-01  -2.5538636e-01  -2.4297570e-01  -2.3044443e-01  -2.1774377e-01  -2.0476427e-01  -1.9267574e-01  -1.8194805e-01  -1.7319530e-01  -1.6723076e-01  -1.6508240e-01  -1.6759827e-01  -1.7352436e-01  -1.7352436e-01 
 -3.4972093e-01  -3.4972093e-01  -3.4894392e-01  -3.4726603e-01  -3.4472786e-01  -3.4151614e-01  -3.3785437e-01  -3.3392643e-01  -3.2985427e-01  -3.2570692e-01  -3.2151585e-01  -3.1728370e-01  -3.1298234e-01  -3.0853213e-01  -3.0400828e-01  -2.9978156e-01  -2.9614276e-01  -2.9347322e-01  -2.9231513e-01  -2.9323814e-01  -2.9587561e-01  -2.9587561e-01 
  0.0000000e+00  -3.6179450e-01  -3.6179450e-01  -3.6179450e-01  -3.6179450e-01  -3.6179450e-01  -3.6179450e-01  -3.6179450e-01  -3.6179450e-01  -3.6179450e-01  -3.6179450e-01  -3.6179450e-01  -3.6179450e-01  -3.6179450e-01  -3.6179450e-01  -3.6179450e-01  -3.6179450e-01  -3.6179450e-01  -3.6179450e-01  -3.6179450e-01  -3.6179450e-01   0.0000000e+00 
