  0.0000000e+00   0.0000000e+00   0.0000000e+00   0.0000000e+00   0.0000000e+00   0.0000000e+00   0.0000000e+00   0.0000000e+00   0.0000000e+00   0.0000000e+00   0.0000000e+00   0.0000000e+00   0.0000000e+00   0.0000000e+00   0.0000000e+00   0.0000000e+00   0.0000000e+00   0.0000000e+00   0.0000000e+00   0.0000000e+00   0.0000000e+00   0.0000000e+00 
  0.0000000e+00   2.3250590e-03   3.4657710e-03   4.6806933e-03   6.1886607e-03   7.6510656e-03   8.8116798e-03   9.5650712e-03   9.9076743e-03   9.8984121e-03   9.5853800e-03   9.0192307e-03   8.2530460e-03   7.3324510e-03   6.2917119e-03   5.1564620e-03   3.9687807e-03   2.8564639e-03   2.1149559e-03   2.0746257e-03   2.1893400e-03   0.0000000e+00 
  0.0000000e+00   2.4282667e-03   4.3070064e-03   6.4207197e-03   9.0315600e-03   1.1716407e-02   1.4097151e-02   1.5956982e-02   1.7201256e-02   1.7793870e-02   1.7772549e-02   1.7197710e-02   1.6141498e-02   1.4674700e-02   1.2860177e-02   1.0756703e-02   8.4595065e-03   6.2126923e-03   4.5270984e-03   3.8926157e-03   3.2908469e-03   0.0000000e+00 
  0.0000000e+00   1.4110790e-03   2.9918501e-03   5.0894076e-03   7.7563423e-03   1.0603073e-02   1.3282676e-02   1.5569571e-02   1.7333726e-02   1.8500490e-02   1.9004876e-02   1.8837619e-02   1.8058227e-02   1.6729048e-02   1.4911548e-02   1.2669833e-02   1.0110069e-02   7.5004311e-03   5.4089687e-03   4.3994388e-03   3.4364954e-03   0.0000000e+00 
  0.0000000e+00   3.8910149e-04   1.4878161e-03   3.2743421e-03   5.5698335e-03   8.0682654e-03   1.0511023e-02   1.2709636e-02   1.4537392e-02   1.5913300e-02   1.6779218e-02   1.7012303e-02   1.6632321e-02   1.5673438e-02   1.4177273e-02   1.2193938e-02   9.8181042e-03   7.3091237e-03   5.2403547e-03   4.2099951e-03   3.2615205e-03   0.0000000e+00 
  0.0000000e+00  -3.6463690e-04   4.0392272e-04   1.8981072e-03   3.7418630e-03   5.7326484e-03   7.7189874e-03   9.5656606e-03   1.1165394e-02   1.2446238e-02   1.3364316e-02   1.3821966e-02   1.3749464e-02   1.3148672e-02   1.2034933e-02   1.0436300e-02   8.4288550e-03   6.2559460e-03   4.4767787e-03   3.6831111e-03   2.9746332e-03   0.0000000e+00 
  0.0000000e+00  -8.6086959e-04  -2.3792728e-04   1.0697913e-03   2.5249121e-03   4.0222304e-03   5.5158030e-03   6.9273189e-03   8.1745006e-03   9.1992646e-03   9.9697502e-03   1.0451593e-02   1.0531023e-02   1.0180920e-02   9.3920857e-03   8.1707126e-03   6.5744754e-03   4.8296727e-03   3.4687872e-03   3.0419649e-03   2.6667726e-03   0.0000000e+00 
  0.0000000e+00  -1.1763787e-03  -5.7886636e-04   6.3170873e-04   1.7878803e-03   2.8643035e-03   3.9092558e-03   4.8991900e-03   5.7775317e-03   6.5008545e-03   7.0520967e-03   7.4244454e-03   7.5280219e-03   7.3177778e-03   6.7682724e-03   5.8692402e-03   4.6630123e-03   3.3582057e-03   2.4501788e-03   2.4225521e-03   2.3832004e-03   0.0000000e+00 
  0.0000000e+00  -1.3828455e-03  -7.5965843e-04   3.9731573e-04   1.3190540e-03   2.0449922e-03   2.7050320e-03   3.3255581e-03   3.8733465e-03   4.3165891e-03   4.6476335e-03   4.8709956e-03   4.9340578e-03   4.7915242e-03   4.4135146e-03   3.7807587e-03   2.9239075e-03   2.0326097e-03   1.5564179e-03   1.8978548e-03   2.1433903e-03   0.0000000e+00 
  0.0000000e+00  -1.5324515e-03  -8.8264636e-04   2.2047942e-04   9.3283458e-04   1.3521456e-03   1.6809338e-03   1.9900704e-03   2.2658073e-03   2.4834006e-03   2.6378945e-03   2.7345260e-03   2.7494802e-03   2.6492711e-03   2.4086575e-03   2.0054279e-03   1.4610300e-03   9.4362761e-04   8.4972182e-04   1.4952873e-03   1.9497286e-03   0.0000000e+00 
  0.0000000e+00  -1.6610453e-03  -1.0167681e-03  -1.5115732e-06   4.8958638e-04   6.1512760e-04   6.4590443e-04   6.9187253e-04   7.5443647e-04   8.1147503e-04   8.5440833e-04   8.8049715e-04   8.8053274e-04   8.3726334e-04   7.3415527e-04   5.4903884e-04   2.9437648e-04   1.1266386e-04   3.4123363e-04   1.2095339e-03   1.7934504e-03   0.0000000e+00 
  0.0000000e+00  -1.7940036e-03  -1.2097249e-03  -3.4082468e-04  -1.1179647e-04  -2.9321461e-04  -5.4767881e-04  -7.3264267e-04  -8.3563692e-04  -8.7884747e-04  -8.7882616e-04  -8.5277178e-04  -8.0990506e-04  -7.5300575e-04  -6.9061894e-04  -6.4483526e-04  -6.1424680e-04  -4.8894325e-04   1.7833023e-06   1.0165137e-03   1.6604642e-03   0.0000000e+00 
  0.0000000e+00  -1.9502324e-03  -1.4953612e-03  -8.4908011e-04  -9.4241992e-04  -1.4594651e-03  -2.0036535e-03  -2.4067680e-03  -2.6473428e-03  -2.7475874e-03  -2.7327393e-03  -2.6362181e-03  -2.4818666e-03  -2.2644797e-03  -1.9889697e-03  -1.6800404e-03  -1.3514297e-03  -9.3231167e-04  -2.2026798e-04   8.8237260e-04   1.5318605e-03   0.0000000e+00 
  0.0000000e+00  -2.1438165e-03  -1.8977381e-03  -1.5554540e-03  -2.0309581e-03  -2.9218239e-03  -3.7784474e-03  -4.4111236e-03  -4.7891722e-03  -4.9318437e-03  -4.8689916e-03  -4.6458314e-03  -4.3150036e-03  -3.8720241e-03  -3.3245007e-03  -2.7041988e-03  -2.0443300e-03  -1.3185580e-03  -3.9709908e-04   7.5940275e-04   1.3822614e-03   0.0000000e+00 
  0.0000000e+00  -2.3835177e-03  -2.4221819e-03  -2.4488105e-03  -3.3560137e-03  -4.6602985e-03  -5.8662644e-03  -6.7652372e-03  -7.3148481e-03  -7.5253283e-03  -7.4220729e-03  -7.0500397e-03  -6.4990924e-03  -5.7760866e-03  -4.8980445e-03  -3.9083532e-03  -2.8635778e-03  -1.7873182e-03  -6.3142402e-04   5.7866572e-04   1.1758203e-03   0.0000000e+00 
  0.0000000e+00  -2.6669546e-03  -3.0412952e-03  -3.4669593e-03  -4.8268739e-03  -6.5710454e-03  -8.1669601e-03  -9.3882634e-03  -1.0177240e-02  -1.0527656e-02  -1.0448654e-02  -9.9672645e-03  -9.1971546e-03  -8.1727655e-03  -6.9259232e-03  -5.5146796e-03  -4.0213100e-03  -2.5241825e-03  -1.0693699e-03   2.3782503e-04   8.6036139e-04   0.0000000e+00 
  0.0000000e+00  -2.9746664e-03  -3.6821361e-03  -4.4744986e-03  -6.2525482e-03  -8.4246991e-03  -1.0431728e-02  -1.2030236e-02  -1.3144104e-02  -1.3745238e-02  -1.3818247e-02  -1.3361225e-02  -1.2443571e-02  -1.1163166e-02  -9.5638265e-03  -7.7174743e-03  -5.7313904e-03  -3.7408558e-03  -1.8974720e-03  -4.0387262e-04   3.6421195e-04   0.0000000e+00 
  0.0000000e+00  -3.2614164e-03  -4.2087824e-03  -5.2377463e-03  -7.3052823e-03  -9.8133791e-03  -1.2188678e-02  -1.4171786e-02  -1.5668000e-02  -1.6627170e-02  -1.7007629e-02  -1.6775146e-02  -1.5909852e-02  -1.4534481e-02  -1.2707193e-02  -1.0508972e-02  -8.0665462e-03  -5.5684515e-03  -3.2734187e-03  -1.4875522e-03  -3.8940042e-04   0.0000000e+00 
  0.0000000e+00  -3.4363027e-03  -4.3981628e-03  -5.4063358e-03  -7.4965494e-03  -1.0105235e-02  -1.2664363e-02  -1.4905733e-02  -1.6723157e-02  -1.8052506e-02  -1.8832275e-02  -1.9000069e-02  -1.8496319e-02  -1.7330142e-02  -1.5566513e-02  -1.3280076e-02  -1.0600882e-02  -7.7545714e-03  -5.0881710e-03  -2.9913280e-03  -1.4112067e-03   0.0000000e+00 
  0.0000000e+00  -3.2906513e-03  -3.8915665e-03  -4.5249680e-03  -6.2095200e-03  -8.4554863e-03  -1.0752061e-02  -1.2855131e-02  -1.4669464e-02  -1.6136278e-02  -1.7192693e-02  -1.7767890e-02  -1.7789675e-02  -1.7197569e-02  -1.5953784e-02  -1.4094401e-02  -1.1714071e-02  -9.0296514e-03  -6.4193311e-03  -4.3062892e-03  -2.4282117e-03   0.0000000e+00 
  0.0000000e+00  -2.1892392e-03  -2.0741507e-03  -2.1140101e-03  -2.8550488e-03  -3.9669576e-03  -5.1543069e-03  -6.2893044e-03  -7.3298778e-03  -8.2504016e-03  -9.0166111e-03  -9.5828728e-03  -9.8960858e-03  -9.9055615e-03  -9.5631965e-03  -8.8100399e-03  -7.6496497e-03  -6.1874750e-03  -4.6797857e-03  -3.4652329e-03  -2.3249324e-03   0.0000000e+00 
  0.0000000e+00   0.0000000e+00   0.0000000e+00   0.0000000e+00   0.0000000e+00   0.0000000e+00   0.0000000e+00   0.0000000e+00   0.0000000e+00   0.0000000e+00   0.0000000e+00   0.0000000e+00   0.0000000e+00   0.0000000e+00   0.0000000e+00   0.0000000e+00   0.0000000e+00   0.0000000e+00   0.0000000e+00   0.0000000e+00   0.0000000e+00   0.0000000e+00 
