  0.0000000e+00   0.0000000e+00   0.0000000e+00   0.0000000e+00   0.0000000e+00   0.0000000e+00   0.0000000e+00   0.0000000e+00   0.0000000e+00   0.0000000e+00   0.0000000e+00   0.0000000e+00   0.0000000e+00   0.0000000e+00   0.0000000e+00   0.0000000e+00   0.0000000e+00   0.0000000e+00   0.0000000e+00   0.0000000e+00   0.0000000e+00   0.0000000e+00 
  0.0000000e+00  -6.6857925e-04  -1.2466724e-03  -1.2993267e-03  -1.1009947e-03  -8.2002000e-04  -5.3292736e-04  -2.6794691e-04  -3.4565805e-05   1.6414041e-04   3.3020208e-04   4.6590681e-04   5.7308010e-04   6.5440390e-04   7.1495410e-04   7.6220437e-04   8.0036571e-04   8.1558614e-04   7.5957529e-04   5.6077842e-04   1.9470095e-04   0.0000000e+00 
  0.0000000e+00  -1.9999423e-03  -3.7545729e-03  -4.0470422e-03  -3.6201389e-03  -2.9066190e-03  -2.1095701e-03  -1.3150945e-03  -5.6322159e-04   1.2053661e-04   7.1703905e-04   1.2278491e-03   1.6534362e-03   1.9965700e-03   2.2658708e-03   2.4753753e-03   2.6307944e-03   2.6937169e-03   2.5375525e-03   1.9549774e-03   7.9039635e-04   0.0000000e+00 
  0.0000000e+00  -3.2059609e-03  -6.1815190e-03  -6.9179091e-03  -6.4882285e-03  -5.5207006e-03  -4.3218557e-03  -3.0348107e-03  -1.7358425e-03  -4.8000164e-04   6.8285608e-04   1.7223991e-03   2.6274640e-03   3.3913151e-03   4.0156053e-03   4.5077829e-03   4.8622912e-03   5.0147730e-03   4.7780644e-03   3.8133369e-03   1.7166392e-03   0.0000000e+00 
  0.0000000e+00  -4.0789281e-03  -8.1499259e-03  -9.4529589e-03  -9.2025300e-03  -8.1469025e-03  -6.6777875e-03  -4.9960923e-03  -3.2160317e-03  -1.4179836e-03   3.2762750e-04   1.9497172e-03   3.4124066e-03   4.6886814e-03   5.7630541e-03   6.6256121e-03   7.2492731e-03   7.5381017e-03   7.2455732e-03   5.8960384e-03   2.7869073e-03   0.0000000e+00 
  0.0000000e+00  -4.5841677e-03  -9.5164461e-03  -1.1407764e-02  -1.1441094e-02  -1.0413621e-02  -8.7864768e-03  -6.8197160e-03  -4.6671839e-03  -2.4308177e-03  -1.9246421e-04   1.9613519e-03   3.9613088e-03   5.7550816e-03   7.3030745e-03   8.5701294e-03   9.4991205e-03   9.9533950e-03   9.6189150e-03   7.8846555e-03   3.7840760e-03   0.0000000e+00 
  0.0000000e+00  -4.8337297e-03  -1.0391404e-02  -1.2807052e-02  -1.3142776e-02  -1.2196913e-02  -1.0483661e-02  -8.3187441e-03  -5.8952197e-03  -3.3349409e-03  -7.2578623e-04   1.8491307e-03   4.3003832e-03   6.5521934e-03   8.5385880e-03   1.0194241e-02   1.1424679e-02   1.2042931e-02   1.1660618e-02   9.5491002e-03   4.5689706e-03   0.0000000e+00 
  0.0000000e+00  -4.9635218e-03  -1.0961909e-02  -1.3787643e-02  -1.4377722e-02  -1.3514103e-02  -1.1748620e-02  -9.4430867e-03  -6.8253527e-03  -4.0358062e-03  -1.1657436e-03   1.7093829e-03   4.5000364e-03   7.1152737e-03   9.4662396e-03   1.1456219e-02   1.2948518e-02   1.3699550e-02   1.3247493e-02   1.0779141e-02   5.0915089e-03   0.0000000e+00 
  0.0000000e+00  -5.0665862e-03  -1.1373610e-02  -1.4478394e-02  -1.5239440e-02  -1.4427691e-02  -1.2620255e-02  -1.0211228e-02  -7.4545718e-03  -4.5064081e-03  -1.4618194e-03   1.6111180e-03   4.6315511e-03   7.5050270e-03   1.0127650e-02   1.2374070e-02   1.4064561e-02   1.4898532e-02   1.4350560e-02   1.1563714e-02   5.3678644e-03   0.0000000e+00 
  0.0000000e+00  -5.1823685e-03  -1.1696935e-02  -1.4953339e-02  -1.5794389e-02  -1.4995692e-02  -1.3150143e-02  -1.0668098e-02  -7.8173372e-03  -4.7645989e-03  -1.6099758e-03   1.5812395e-03   4.7375586e-03   7.7702060e-03   1.0568820e-02   1.2985312e-02   1.4800966e-02   1.5664386e-02   1.5003182e-02   1.1956085e-02   5.4532324e-03   0.0000000e+00 
  0.0000000e+00  -5.3084774e-03  -1.1935508e-02  -1.5227070e-02  -1.6066818e-02  -1.5250453e-02  -1.3378350e-02  -1.0859889e-02  -7.9617475e-03  -4.8537386e-03  -1.6415854e-03   1.6057505e-03   4.8221641e-03   7.9289361e-03   1.0815962e-02   1.3320045e-02   1.5192027e-02   1.6041499e-02   1.5268551e-02   1.2048014e-02   5.4156414e-03   0.0000000e+00 
  0.0000000e+00  -5.4142976e-03  -1.2045087e-02  -1.5265328e-02  -1.6038939e-02  -1.5190651e-02  -1.3320034e-02  -1.0817279e-02  -7.9313834e-03  -4.8254281e-03  -1.6094400e-03   1.6379004e-03   4.8504754e-03   7.9592836e-03   1.0858528e-02   1.3378278e-02   1.5251692e-02   1.6069153e-02   1.5229960e-02   1.1938046e-02   5.3095800e-03   0.0000000e+00 
  0.0000000e+00  -5.4516871e-03  -1.1952864e-02  -1.4999766e-02  -1.5661699e-02  -1.4799479e-02  -1.2985185e-02  -1.0570010e-02  -7.7725219e-03  -4.7406940e-03  -1.5848061e-03   1.6064064e-03   4.7614283e-03   7.8149228e-03   1.0666723e-02   1.3149976e-02   1.4996736e-02   1.5796411e-02   1.4955806e-02   1.1699024e-02   5.1832129e-03   0.0000000e+00 
  0.0000000e+00  -5.3661783e-03  -1.1560397e-02  -1.4347108e-02  -1.4895827e-02  -1.4063017e-02  -1.2373822e-02  -1.0128657e-02  -7.5071192e-03  -4.6344462e-03  -1.6144487e-03   1.4584648e-03   4.5034130e-03   7.4522697e-03   1.0209876e-02   1.2619999e-02   1.4428515e-02   1.5241105e-02   1.4480396e-02   1.1375231e-02   5.0671751e-03   0.0000000e+00 
  0.0000000e+00  -5.0898072e-03  -1.0775913e-02  -1.3244191e-02  -1.3696963e-02  -1.2946992e-02  -1.1455865e-02  -9.4670267e-03  -7.1170624e-03  -4.5025855e-03  -1.7123660e-03   1.1627031e-03   4.0330684e-03   6.8232239e-03   9.4417974e-03   1.1748292e-02   1.3514705e-02   1.4379020e-02   1.3789178e-02   1.0963076e-02   4.9638740e-03   0.0000000e+00 
  0.0000000e+00  -4.5673885e-03  -9.5461748e-03  -1.1657661e-02  -1.2040605e-02  -1.1423258e-02  -1.0193812e-02  -8.5391360e-03  -6.5536150e-03  -4.3024900e-03  -1.8516561e-03   7.2316350e-04   3.3325445e-03   5.8933275e-03   8.3175613e-03   1.0483289e-02   1.2197311e-02   1.3143726e-02   1.2808152e-02   1.0392165e-02   4.8338794e-03   0.0000000e+00 
  0.0000000e+00  -3.7827463e-03  -7.8822273e-03  -9.6164756e-03  -9.9514621e-03  -9.4978939e-03  -8.5696752e-03  -7.3033905e-03  -5.7561027e-03  -3.9629032e-03  -1.9633252e-03   1.9034973e-04   2.4288459e-03   4.6655967e-03   6.8186926e-03   8.7861017e-03   1.0413853e-02   1.1441743e-02   1.1408492e-02   9.5168756e-03   4.5841644e-03   0.0000000e+00 
  0.0000000e+00  -2.7859251e-03  -5.8942371e-03  -7.2437630e-03  -7.5366509e-03  -7.2483123e-03  -6.6251866e-03  -5.7631717e-03  -4.6893106e-03  -3.4134680e-03  -1.9510841e-03  -3.2913600e-04   1.4165204e-03   3.2148224e-03   4.9952887e-03   6.6774615e-03   8.1470216e-03   9.2029400e-03   9.4533976e-03   8.1501176e-03   4.0788338e-03   0.0000000e+00 
  0.0000000e+00  -1.7160256e-03  -3.8121857e-03  -4.7768994e-03  -5.0138229e-03  -4.8616271e-03  -4.5074306e-03  -4.0155781e-03  -3.3916067e-03  -2.6280383e-03  -1.7231882e-03  -6.8376590e-04   4.7908164e-04   1.7350572e-03   3.0342726e-03   4.3216239e-03   5.5207567e-03   6.4884645e-03   6.9181422e-03   6.1815681e-03   3.2058400e-03   0.0000000e+00 
  0.0000000e+00  -7.9009265e-04  -1.9543868e-03  -2.5369452e-03  -2.6932071e-03  -2.6304102e-03  -2.4751273e-03  -2.2657716e-03  -1.9966270e-03  -1.6536414e-03  -1.2281758e-03  -7.1744397e-04  -1.2096383e-04   5.6283388e-04   1.3148180e-03   2.1094469e-03   2.9066448e-03   3.6202540e-03   4.0471430e-03   3.7545629e-03   1.9998508e-03   0.0000000e+00 
  0.0000000e+00  -1.9461456e-04  -5.6060422e-04  -7.5939171e-04  -8.1542607e-04  -8.0023512e-04  -7.6210519e-04  -7.1489152e-04  -6.5438345e-04  -5.7310333e-04  -4.6596926e-04  -3.3029327e-04  -1.6424499e-04   3.4465617e-05   2.6787226e-04   5.3289433e-04   8.2002970e-04   1.1010285e-03   1.2993499e-03   1.2466552e-03   6.6854167e-04   0.0000000e+00 
  0.0000000e+00   0.0000000e+00   0.0000000e+00   0.0000000e+00   0.0000000e+00   0.0000000e+00   0.0000000e+00   0.0000000e+00   0.0000000e+00   0.0000000e+00   0.0000000e+00   0.0000000e+00   0.0000000e+00   0.0000000e+00   0.0000000e+00   0.0000000e+00   0.0000000e+00   0.0000000e+00   0.0000000e+00   0.0000000e+00   0.0000000e+00   0.0000000e+00 
