    0.05000   0.03745 
    0.04936   0.03750 
 
    0.05250   0.03746 
    0.05000   0.03745 
 
    0.05283   0.03750 
    0.05250   0.03746 
 
    0.04250   0.03896 
    0.04002   0.04000 
 
    0.04500   0.03819 
    0.04250   0.03896 
 
    0.04750   0.03769 
    0.04500   0.03819 
 
    0.04936   0.03750 
    0.04750   0.03769 
 
    0.05283   0.03750 
    0.05500   0.03778 
 
    0.05750   0.03844 
    0.05500   0.03778 
 
    0.06000   0.03950 
    0.05750   0.03844 
 
    0.06084   0.04000 
    0.06000   0.03950 
 
    0.03750   0.04176 
    0.03668   0.04250 
 
    0.04000   0.04001 
    0.03750   0.04176 
 
    0.04002   0.04000 
    0.04000   0.04001 
 
    0.06084   0.04000 
    0.06250   0.04129 
 
    0.06368   0.04250 
    0.06250   0.04129 
 
    0.03500   0.04467 
    0.03480   0.04500 
 
    0.03668   0.04250 
    0.03500   0.04467 
 
    0.06368   0.04250 
    0.06500   0.04443 
 
    0.06531   0.04500 
    0.06500   0.04443 
 
    0.03480   0.04500 
    0.03389   0.04750 
 
    0.06531   0.04500 
    0.06613   0.04750 
 
    0.03389   0.04750 
    0.03360   0.05000 
 
    0.06613   0.04750 
    0.06640   0.05000 
 
    0.03360   0.05000 
    0.03387   0.05250 
 
    0.06640   0.05000 
    0.06610   0.05250 
 
    0.03387   0.05250 
    0.03468   0.05500 
 
    0.06610   0.05250 
    0.06520   0.05500 
 
    0.03468   0.05500 
    0.03500   0.05558 
 
    0.03631   0.05750 
    0.03500   0.05558 
 
    0.06500   0.05532 
    0.06331   0.05750 
 
    0.06520   0.05500 
    0.06500   0.05532 
 
    0.03631   0.05750 
    0.03750   0.05872 
 
    0.03915   0.06000 
    0.03750   0.05872 
 
    0.06000   0.05999 
    0.05998   0.06000 
 
    0.06250   0.05823 
    0.06000   0.05999 
 
    0.06331   0.05750 
    0.06250   0.05823 
 
    0.03915   0.06000 
    0.04000   0.06051 
 
    0.04250   0.06156 
    0.04000   0.06051 
 
    0.04500   0.06222 
    0.04250   0.06156 
 
    0.04716   0.06250 
    0.04500   0.06222 
 
    0.05250   0.06231 
    0.05064   0.06250 
 
    0.05500   0.06181 
    0.05250   0.06231 
 
    0.05750   0.06104 
    0.05500   0.06181 
 
    0.05998   0.06000 
    0.05750   0.06104 
 
    0.04716   0.06250 
    0.04750   0.06254 
 
    0.05000   0.06255 
    0.04750   0.06254 
 
    0.05064   0.06250 
    0.05000   0.06255 
 
    0.04750   0.03233 
    0.04615   0.03250 
 
    0.05000   0.03217 
    0.04750   0.03233 
 
    0.05250   0.03215 
    0.05000   0.03217 
 
    0.05500   0.03230 
    0.05250   0.03215 
 
    0.05642   0.03250 
    0.05500   0.03230 
 
    0.03750   0.03473 
    0.03688   0.03500 
 
    0.04000   0.03385 
    0.03750   0.03473 
 
    0.04250   0.03317 
    0.04000   0.03385 
 
    0.04500   0.03266 
    0.04250   0.03317 
 
    0.04615   0.03250 
    0.04500   0.03266 
 
    0.05642   0.03250 
    0.05750   0.03267 
 
    0.06000   0.03333 
    0.05750   0.03267 
 
    0.06250   0.03429 
    0.06000   0.03333 
 
    0.06386   0.03500 
    0.06250   0.03429 
 
    0.03500   0.03599 
    0.03274   0.03750 
 
    0.03688   0.03500 
    0.03500   0.03599 
 
    0.06386   0.03500 
    0.06500   0.03571 
 
    0.06719   0.03750 
    0.06500   0.03571 
 
    0.03250   0.03771 
    0.03036   0.04000 
 
    0.03274   0.03750 
    0.03250   0.03771 
 
    0.06719   0.03750 
    0.06750   0.03781 
 
    0.06925   0.04000 
    0.06750   0.03781 
 
    0.03000   0.04053 
    0.02893   0.04250 
 
    0.03036   0.04000 
    0.03000   0.04053 
 
    0.06925   0.04000 
    0.07000   0.04122 
 
    0.07065   0.04250 
    0.07000   0.04122 
 
    0.02893   0.04250 
    0.02805   0.04500 
 
    0.07065   0.04250 
    0.07159   0.04500 
 
    0.02805   0.04500 
    0.02760   0.04750 
 
    0.07159   0.04500 
    0.07219   0.04750 
 
    0.02760   0.04750 
    0.02753   0.05000 
 
    0.07219   0.04750 
    0.07247   0.05000 
 
    0.02753   0.05000 
    0.02780   0.05250 
 
    0.07247   0.05000 
    0.07239   0.05250 
 
    0.02780   0.05250 
    0.02840   0.05500 
 
    0.07239   0.05250 
    0.07194   0.05500 
 
    0.02840   0.05500 
    0.02934   0.05750 
 
    0.07194   0.05500 
    0.07106   0.05750 
 
    0.02934   0.05750 
    0.03000   0.05878 
 
    0.03075   0.06000 
    0.03000   0.05878 
 
    0.07000   0.05946 
    0.06963   0.06000 
 
    0.07106   0.05750 
    0.07000   0.05946 
 
    0.03075   0.06000 
    0.03250   0.06220 
 
    0.03280   0.06250 
    0.03250   0.06220 
 
    0.06750   0.06229 
    0.06725   0.06250 
 
    0.06963   0.06000 
    0.06750   0.06229 
 
    0.03280   0.06250 
    0.03500   0.06429 
 
    0.03613   0.06500 
    0.03500   0.06429 
 
    0.06500   0.06401 
    0.06312   0.06500 
 
    0.06725   0.06250 
    0.06500   0.06401 
 
    0.03613   0.06500 
    0.03750   0.06572 
 
    0.04000   0.06668 
    0.03750   0.06572 
 
    0.04250   0.06733 
    0.04000   0.06668 
 
    0.04357   0.06750 
    0.04250   0.06733 
 
    0.05500   0.06734 
    0.05385   0.06750 
 
    0.05750   0.06683 
    0.05500   0.06734 
 
    0.06000   0.06615 
    0.05750   0.06683 
 
    0.06250   0.06527 
    0.06000   0.06615 
 
    0.06312   0.06500 
    0.06250   0.06527 
 
    0.04357   0.06750 
    0.04500   0.06770 
 
    0.04750   0.06785 
    0.04500   0.06770 
 
    0.05000   0.06783 
    0.04750   0.06785 
 
    0.05250   0.06767 
    0.05000   0.06783 
 
    0.05385   0.06750 
    0.05250   0.06767 
 
    0.03750   0.02988 
    0.03710   0.03000 
 
    0.04000   0.02927 
    0.03750   0.02988 
 
    0.04250   0.02879 
    0.04000   0.02927 
 
    0.04500   0.02842 
    0.04250   0.02879 
 
    0.04750   0.02816 
    0.04500   0.02842 
 
    0.05000   0.02801 
    0.04750   0.02816 
 
    0.05250   0.02797 
    0.05000   0.02801 
 
    0.05500   0.02807 
    0.05250   0.02797 
 
    0.05750   0.02833 
    0.05500   0.02807 
 
    0.06000   0.02878 
    0.05750   0.02833 
 
    0.06250   0.02944 
    0.06000   0.02878 
 
    0.06400   0.03000 
    0.06250   0.02944 
 
    0.03250   0.03178 
    0.03117   0.03250 
 
    0.03500   0.03071 
    0.03250   0.03178 
 
    0.03710   0.03000 
    0.03500   0.03071 
 
    0.06400   0.03000 
    0.06500   0.03042 
 
    0.06750   0.03183 
    0.06500   0.03042 
 
    0.06843   0.03250 
    0.06750   0.03183 
 
    0.03000   0.03326 
    0.02791   0.03500 
 
    0.03117   0.03250 
    0.03000   0.03326 
 
    0.06843   0.03250 
    0.07000   0.03383 
 
    0.07111   0.03500 
    0.07000   0.03383 
 
    0.02750   0.03543 
    0.02595   0.03750 
 
    0.02791   0.03500 
    0.02750   0.03543 
 
    0.07111   0.03500 
    0.07250   0.03677 
 
    0.07298   0.03750 
    0.07250   0.03677 
 
    0.02500   0.03923 
    0.02466   0.04000 
 
    0.02595   0.03750 
    0.02500   0.03923 
 
    0.07298   0.03750 
    0.07432   0.04000 
 
    0.02466   0.04000 
    0.02389   0.04250 
 
    0.07432   0.04000 
    0.07500   0.04162 
 
    0.07532   0.04250 
    0.07500   0.04162 
 
    0.02389   0.04250 
    0.02342   0.04500 
 
    0.07532   0.04250 
    0.07600   0.04500 
 
    0.02342   0.04500 
    0.02322   0.04750 
 
    0.07600   0.04500 
    0.07647   0.04750 
 
    0.02322   0.04750 
    0.02326   0.05000 
 
    0.07647   0.04750 
    0.07673   0.05000 
 
    0.02326   0.05000 
    0.02352   0.05250 
 
    0.07673   0.05000 
    0.07677   0.05250 
 
    0.02352   0.05250 
    0.02399   0.05500 
 
    0.07677   0.05250 
    0.07657   0.05500 
 
    0.02399   0.05500 
    0.02468   0.05750 
 
    0.07657   0.05500 
    0.07611   0.05750 
 
    0.02468   0.05750 
    0.02500   0.05839 
 
    0.02568   0.06000 
    0.02500   0.05839 
 
    0.07611   0.05750 
    0.07533   0.06000 
 
    0.02568   0.06000 
    0.02702   0.06250 
 
    0.07500   0.06076 
    0.07404   0.06250 
 
    0.07533   0.06000 
    0.07500   0.06076 
 
    0.02702   0.06250 
    0.02750   0.06324 
 
    0.02889   0.06500 
    0.02750   0.06324 
 
    0.07250   0.06456 
    0.07208   0.06500 
 
    0.07404   0.06250 
    0.07250   0.06456 
 
    0.02889   0.06500 
    0.03000   0.06618 
 
    0.03156   0.06750 
    0.03000   0.06618 
 
    0.07000   0.06673 
    0.06882   0.06750 
 
    0.07208   0.06500 
    0.07000   0.06673 
 
    0.03156   0.06750 
    0.03250   0.06818 
 
    0.03500   0.06958 
    0.03250   0.06818 
 
    0.03599   0.07000 
    0.03500   0.06958 
 
    0.06500   0.06929 
    0.06289   0.07000 
 
    0.06750   0.06821 
    0.06500   0.06929 
 
    0.06882   0.06750 
    0.06750   0.06821 
 
    0.03599   0.07000 
    0.03750   0.07056 
 
    0.04000   0.07123 
    0.03750   0.07056 
 
    0.04250   0.07167 
    0.04000   0.07123 
 
    0.04500   0.07193 
    0.04250   0.07167 
 
    0.04750   0.07203 
    0.04500   0.07193 
 
    0.05000   0.07199 
    0.04750   0.07203 
 
    0.05250   0.07184 
    0.05000   0.07199 
 
    0.05500   0.07158 
    0.05250   0.07184 
 
    0.05750   0.07121 
    0.05500   0.07158 
 
    0.06000   0.07073 
    0.05750   0.07121 
 
    0.06250   0.07012 
    0.06000   0.07073 
 
    0.06289   0.07000 
    0.06250   0.07012 
 
    0.04500   0.02472 
    0.04253   0.02500 
 
    0.04750   0.02451 
    0.04500   0.02472 
 
    0.05000   0.02438 
    0.04750   0.02451 
 
    0.05250   0.02434 
    0.05000   0.02438 
 
    0.05500   0.02440 
    0.05250   0.02434 
 
    0.05750   0.02457 
    0.05500   0.02440 
 
    0.06000   0.02488 
    0.05750   0.02457 
 
    0.06062   0.02500 
    0.06000   0.02488 
 
    0.03250   0.02718 
    0.03161   0.02750 
 
    0.03500   0.02645 
    0.03250   0.02718 
 
    0.03750   0.02586 
    0.03500   0.02645 
 
    0.04000   0.02539 
    0.03750   0.02586 
 
    0.04250   0.02500 
    0.04000   0.02539 
 
    0.04253   0.02500 
    0.04250   0.02500 
 
    0.06062   0.02500 
    0.06250   0.02539 
 
    0.06500   0.02613 
    0.06250   0.02539 
 
    0.06750   0.02715 
    0.06500   0.02613 
 
    0.06817   0.02750 
    0.06750   0.02715 
 
    0.02750   0.02949 
    0.02676   0.03000 
 
    0.03000   0.02816 
    0.02750   0.02949 
 
    0.03161   0.02750 
    0.03000   0.02816 
 
    0.06817   0.02750 
    0.07000   0.02860 
 
    0.07182   0.03000 
    0.07000   0.02860 
 
    0.02500   0.03146 
    0.02404   0.03250 
 
    0.02676   0.03000 
    0.02500   0.03146 
 
    0.07182   0.03000 
    0.07250   0.03061 
 
    0.07421   0.03250 
    0.07250   0.03061 
 
    0.02250   0.03465 
    0.02230   0.03500 
 
    0.02404   0.03250 
    0.02250   0.03465 
 
    0.07421   0.03250 
    0.07500   0.03353 
 
    0.07594   0.03500 
    0.07500   0.03353 
 
    0.02230   0.03500 
    0.02121   0.03750 
 
    0.07594   0.03500 
    0.07726   0.03750 
 
    0.02121   0.03750 
    0.02045   0.04000 
 
    0.07726   0.03750 
    0.07750   0.03805 
 
    0.07824   0.04000 
    0.07750   0.03805 
 
    0.02000   0.04231 
    0.01997   0.04250 
 
    0.02045   0.04000 
    0.02000   0.04231 
 
    0.07824   0.04000 
    0.07900   0.04250 
 
    0.01997   0.04250 
    0.01973   0.04500 
 
    0.07900   0.04250 
    0.07958   0.04500 
 
    0.01973   0.04500 
    0.01967   0.04750 
 
    0.07958   0.04500 
    0.08000   0.04749 
 
    0.08000   0.04750 
    0.08000   0.04749 
 
    0.01967   0.04750 
    0.01976   0.05000 
 
    0.08000   0.04750 
    0.08024   0.05000 
 
    0.01976   0.05000 
    0.01999   0.05250 
 
    0.08024   0.05000 
    0.08033   0.05250 
 
    0.01999   0.05250 
    0.02000   0.05254 
 
    0.02041   0.05500 
    0.02000   0.05254 
 
    0.08033   0.05250 
    0.08026   0.05500 
 
    0.02041   0.05500 
    0.02100   0.05750 
 
    0.08026   0.05500 
    0.08003   0.05750 
 
    0.02100   0.05750 
    0.02176   0.06000 
 
    0.08000   0.05766 
    0.07954   0.06000 
 
    0.08003   0.05750 
    0.08000   0.05766 
 
    0.02176   0.06000 
    0.02250   0.06196 
 
    0.02274   0.06250 
    0.02250   0.06196 
 
    0.07954   0.06000 
    0.07879   0.06250 
 
    0.02274   0.06250 
    0.02406   0.06500 
 
    0.07879   0.06250 
    0.07769   0.06500 
 
    0.02406   0.06500 
    0.02500   0.06647 
 
    0.02578   0.06750 
    0.02500   0.06647 
 
    0.07750   0.06534 
    0.07596   0.06750 
 
    0.07769   0.06500 
    0.07750   0.06534 
 
    0.02578   0.06750 
    0.02750   0.06940 
 
    0.02818   0.07000 
    0.02750   0.06940 
 
    0.07500   0.06853 
    0.07323   0.07000 
 
    0.07596   0.06750 
    0.07500   0.06853 
 
    0.02818   0.07000 
    0.03000   0.07141 
 
    0.03183   0.07250 
    0.03000   0.07141 
 
    0.07000   0.07184 
    0.06839   0.07250 
 
    0.07250   0.07050 
    0.07000   0.07184 
 
    0.07323   0.07000 
    0.07250   0.07050 
 
    0.03183   0.07250 
    0.03250   0.07285 
 
    0.03500   0.07387 
    0.03250   0.07285 
 
    0.03750   0.07461 
    0.03500   0.07387 
 
    0.03938   0.07500 
    0.03750   0.07461 
 
    0.05750   0.07500 
    0.05746   0.07500 
 
    0.06000   0.07461 
    0.05750   0.07500 
 
    0.06250   0.07414 
    0.06000   0.07461 
 
    0.06500   0.07355 
    0.06250   0.07414 
 
    0.06750   0.07282 
    0.06500   0.07355 
 
    0.06839   0.07250 
    0.06750   0.07282 
 
    0.03938   0.07500 
    0.04000   0.07512 
 
    0.04250   0.07543 
    0.04000   0.07512 
 
    0.04500   0.07560 
    0.04250   0.07543 
 
    0.04750   0.07566 
    0.04500   0.07560 
 
    0.05000   0.07562 
    0.04750   0.07566 
 
    0.05250   0.07549 
    0.05000   0.07562 
 
    0.05500   0.07528 
    0.05250   0.07549 
 
    0.05746   0.07500 
    0.05500   0.07528 
 
    0.03750   0.02222 
    0.03582   0.02250 
 
    0.04000   0.02187 
    0.03750   0.02222 
 
    0.04250   0.02158 
    0.04000   0.02187 
 
    0.04500   0.02135 
    0.04250   0.02158 
 
    0.04750   0.02117 
    0.04500   0.02135 
 
    0.05000   0.02105 
    0.04750   0.02117 
 
    0.05250   0.02100 
    0.05000   0.02105 
 
    0.05500   0.02103 
    0.05250   0.02100 
 
    0.05750   0.02115 
    0.05500   0.02103 
 
    0.06000   0.02138 
    0.05750   0.02115 
 
    0.06250   0.02175 
    0.06000   0.02138 
 
    0.06500   0.02230 
    0.06250   0.02175 
 
    0.06570   0.02250 
    0.06500   0.02230 
 
    0.02750   0.02476 
    0.02696   0.02500 
 
    0.03000   0.02387 
    0.02750   0.02476 
 
    0.03250   0.02319 
    0.03000   0.02387 
 
    0.03500   0.02265 
    0.03250   0.02319 
 
    0.03582   0.02250 
    0.03500   0.02265 
 
    0.06570   0.02250 
    0.06750   0.02308 
 
    0.07000   0.02416 
    0.06750   0.02308 
 
    0.07148   0.02500 
    0.07000   0.02416 
 
    0.02500   0.02602 
    0.02290   0.02750 
 
    0.02696   0.02500 
    0.02500   0.02602 
 
    0.07148   0.02500 
    0.07250   0.02565 
 
    0.07476   0.02750 
    0.07250   0.02565 
 
    0.02250   0.02785 
    0.02060   0.03000 
 
    0.02290   0.02750 
    0.02250   0.02785 
 
    0.07476   0.02750 
    0.07500   0.02773 
 
    0.07696   0.03000 
    0.07500   0.02773 
 
    0.02000   0.03088 
    0.01913   0.03250 
 
    0.02060   0.03000 
    0.02000   0.03088 
 
    0.07696   0.03000 
    0.07750   0.03075 
 
    0.07858   0.03250 
    0.07750   0.03075 
 
    0.01913   0.03250 
    0.01813   0.03500 
 
    0.07858   0.03250 
    0.07985   0.03500 
 
    0.01750   0.03723 
    0.01744   0.03750 
 
    0.01813   0.03500 
    0.01750   0.03723 
 
    0.07985   0.03500 
    0.08000   0.03535 
 
    0.08081   0.03750 
    0.08000   0.03535 
 
    0.01744   0.03750 
    0.01701   0.04000 
 
    0.08081   0.03750 
    0.08159   0.04000 
 
    0.01701   0.04000 
    0.01675   0.04250 
 
    0.08159   0.04000 
    0.08221   0.04250 
 
    0.01675   0.04250 
    0.01663   0.04500 
 
    0.08221   0.04250 
    0.08250   0.04398 
 
    0.08268   0.04500 
    0.08250   0.04398 
 
    0.01663   0.04500 
    0.01663   0.04750 
 
    0.08268   0.04500 
    0.08302   0.04750 
 
    0.01663   0.04750 
    0.01675   0.05000 
 
    0.08302   0.04750 
    0.08325   0.05000 
 
    0.01675   0.05000 
    0.01697   0.05250 
 
    0.08325   0.05000 
    0.08337   0.05250 
 
    0.01697   0.05250 
    0.01731   0.05500 
 
    0.08337   0.05250 
    0.08337   0.05500 
 
    0.01731   0.05500 
    0.01750   0.05604 
 
    0.01779   0.05750 
    0.01750   0.05604 
 
    0.08337   0.05500 
    0.08325   0.05750 
 
    0.01779   0.05750 
    0.01841   0.06000 
 
    0.08325   0.05750 
    0.08299   0.06000 
 
    0.01841   0.06000 
    0.01918   0.06250 
 
    0.08299   0.06000 
    0.08256   0.06250 
 
    0.01918   0.06250 
    0.02000   0.06466 
 
    0.02015   0.06500 
    0.02000   0.06466 
 
    0.08250   0.06275 
    0.08186   0.06500 
 
    0.08256   0.06250 
    0.08250   0.06275 
 
    0.02015   0.06500 
    0.02142   0.06750 
 
    0.08186   0.06500 
    0.08086   0.06750 
 
    0.02142   0.06750 
    0.02250   0.06926 
 
    0.02304   0.07000 
    0.02250   0.06926 
 
    0.08000   0.06911 
    0.07939   0.07000 
 
    0.08086   0.06750 
    0.08000   0.06911 
 
    0.02304   0.07000 
    0.02500   0.07228 
 
    0.02523   0.07250 
    0.02500   0.07228 
 
    0.07750   0.07215 
    0.07709   0.07250 
 
    0.07939   0.07000 
    0.07750   0.07215 
 
    0.02523   0.07250 
    0.02750   0.07435 
 
    0.02851   0.07500 
    0.02750   0.07435 
 
    0.07500   0.07398 
    0.07303   0.07500 
 
    0.07709   0.07250 
    0.07500   0.07398 
 
    0.02851   0.07500 
    0.03000   0.07584 
 
    0.03250   0.07692 
    0.03000   0.07584 
 
    0.03430   0.07750 
    0.03250   0.07692 
 
    0.06500   0.07735 
    0.06417   0.07750 
 
    0.06750   0.07681 
    0.06500   0.07735 
 
    0.07000   0.07612 
    0.06750   0.07681 
 
    0.07250   0.07524 
    0.07000   0.07612 
 
    0.07303   0.07500 
    0.07250   0.07524 
 
    0.03430   0.07750 
    0.03500   0.07771 
 
    0.03750   0.07825 
    0.03500   0.07771 
 
    0.04000   0.07862 
    0.03750   0.07825 
 
    0.04250   0.07885 
    0.04000   0.07862 
 
    0.04500   0.07897 
    0.04250   0.07885 
 
    0.04750   0.07900 
    0.04500   0.07897 
 
    0.05000   0.07895 
    0.04750   0.07900 
 
    0.05250   0.07883 
    0.05000   0.07895 
 
    0.05500   0.07865 
    0.05250   0.07883 
 
    0.05750   0.07842 
    0.05500   0.07865 
 
    0.06000   0.07813 
    0.05750   0.07842 
 
    0.06250   0.07778 
    0.06000   0.07813 
 
    0.06417   0.07750 
    0.06250   0.07778 
 
    0.03000   0.01996 
    0.02981   0.02000 
 
    0.03250   0.01949 
    0.03000   0.01996 
 
    0.03500   0.01911 
    0.03250   0.01949 
 
    0.03750   0.01879 
    0.03500   0.01911 
 
    0.04000   0.01853 
    0.03750   0.01879 
 
    0.04250   0.01830 
    0.04000   0.01853 
 
    0.04500   0.01811 
    0.04250   0.01830 
 
    0.04750   0.01796 
    0.04500   0.01811 
 
    0.05000   0.01786 
    0.04750   0.01796 
 
    0.05250   0.01780 
    0.05000   0.01786 
 
    0.05500   0.01781 
    0.05250   0.01780 
 
    0.05750   0.01788 
    0.05500   0.01781 
 
    0.06000   0.01805 
    0.05750   0.01788 
 
    0.06250   0.01832 
    0.06000   0.01805 
 
    0.06500   0.01872 
    0.06250   0.01832 
 
    0.06750   0.01930 
    0.06500   0.01872 
 
    0.06969   0.02000 
    0.06750   0.01930 
 
    0.02500   0.02140 
    0.02260   0.02250 
 
    0.02750   0.02057 
    0.02500   0.02140 
 
    0.02981   0.02000 
    0.02750   0.02057 
 
    0.06969   0.02000 
    0.07000   0.02011 
 
    0.07250   0.02123 
    0.07000   0.02011 
 
    0.07462   0.02250 
    0.07250   0.02123 
 
    0.02000   0.02434 
    0.01933   0.02500 
 
    0.02250   0.02255 
    0.02000   0.02434 
 
    0.02260   0.02250 
    0.02250   0.02255 
 
    0.07462   0.02250 
    0.07500   0.02276 
 
    0.07750   0.02491 
    0.07500   0.02276 
 
    0.07758   0.02500 
    0.07750   0.02491 
 
    0.01750   0.02728 
    0.01737   0.02750 
 
    0.01933   0.02500 
    0.01750   0.02728 
 
    0.07758   0.02500 
    0.07962   0.02750 
 
    0.01737   0.02750 
    0.01614   0.03000 
 
    0.07962   0.02750 
    0.08000   0.02806 
 
    0.08113   0.03000 
    0.08000   0.02806 
 
    0.01614   0.03000 
    0.01526   0.03250 
 
    0.08113   0.03000 
    0.08233   0.03250 
 
    0.01500   0.03350 
    0.01467   0.03500 
 
    0.01526   0.03250 
    0.01500   0.03350 
 
    0.08233   0.03250 
    0.08250   0.03291 
 
    0.08326   0.03500 
    0.08250   0.03291 
 
    0.01467   0.03500 
    0.01427   0.03750 
 
    0.08326   0.03500 
    0.08402   0.03750 
 
    0.01427   0.03750 
    0.01400   0.04000 
 
    0.08402   0.03750 
    0.08463   0.04000 
 
    0.01400   0.04000 
    0.01386   0.04250 
 
    0.08463   0.04000 
    0.08500   0.04181 
 
    0.08513   0.04250 
    0.08500   0.04181 
 
    0.01386   0.04250 
    0.01381   0.04500 
 
    0.08513   0.04250 
    0.08552   0.04500 
 
    0.01381   0.04500 
    0.01385   0.04750 
 
    0.08552   0.04500 
    0.08581   0.04750 
 
    0.01385   0.04750 
    0.01398   0.05000 
 
    0.08581   0.04750 
    0.08602   0.05000 
 
    0.01398   0.05000 
    0.01419   0.05250 
 
    0.08602   0.05000 
    0.08615   0.05250 
 
    0.01419   0.05250 
    0.01448   0.05500 
 
    0.08615   0.05250 
    0.08619   0.05500 
 
    0.01448   0.05500 
    0.01487   0.05750 
 
    0.08619   0.05500 
    0.08614   0.05750 
 
    0.01487   0.05750 
    0.01500   0.05821 
 
    0.01536   0.06000 
    0.01500   0.05821 
 
    0.08614   0.05750 
    0.08599   0.06000 
 
    0.01536   0.06000 
    0.01598   0.06250 
 
    0.08599   0.06000 
    0.08573   0.06250 
 
    0.01598   0.06250 
    0.01673   0.06500 
 
    0.08573   0.06250 
    0.08533   0.06500 
 
    0.01673   0.06500 
    0.01750   0.06710 
 
    0.01766   0.06750 
    0.01750   0.06710 
 
    0.08500   0.06649 
    0.08473   0.06750 
 
    0.08533   0.06500 
    0.08500   0.06649 
 
    0.01766   0.06750 
    0.01886   0.07000 
 
    0.08473   0.06750 
    0.08385   0.07000 
 
    0.01886   0.07000 
    0.02000   0.07195 
 
    0.02038   0.07250 
    0.02000   0.07195 
 
    0.08385   0.07000 
    0.08263   0.07250 
 
    0.02038   0.07250 
    0.02241   0.07500 
 
    0.08250   0.07271 
    0.08067   0.07500 
 
    0.08263   0.07250 
    0.08250   0.07271 
 
    0.02241   0.07500 
    0.02250   0.07509 
 
    0.02500   0.07725 
    0.02250   0.07509 
 
    0.02537   0.07750 
    0.02500   0.07725 
 
    0.07750   0.07744 
    0.07739   0.07750 
 
    0.08000   0.07566 
    0.07750   0.07744 
 
    0.08067   0.07500 
    0.08000   0.07566 
 
    0.02537   0.07750 
    0.02750   0.07878 
 
    0.03000   0.07990 
    0.02750   0.07878 
 
    0.03030   0.08000 
    0.03000   0.07990 
 
    0.07250   0.07942 
    0.07018   0.08000 
 
    0.07500   0.07860 
    0.07250   0.07942 
 
    0.07739   0.07750 
    0.07500   0.07860 
 
    0.03030   0.08000 
    0.03250   0.08070 
 
    0.03500   0.08128 
    0.03250   0.08070 
 
    0.03750   0.08168 
    0.03500   0.08128 
 
    0.04000   0.08196 
    0.03750   0.08168 
 
    0.04250   0.08212 
    0.04000   0.08196 
 
    0.04500   0.08219 
    0.04250   0.08212 
 
    0.04750   0.08220 
    0.04500   0.08219 
 
    0.05000   0.08214 
    0.04750   0.08220 
 
    0.05250   0.08204 
    0.05000   0.08214 
 
    0.05500   0.08189 
    0.05250   0.08204 
 
    0.05750   0.08170 
    0.05500   0.08189 
 
    0.06000   0.08147 
    0.05750   0.08170 
 
    0.06250   0.08121 
    0.06000   0.08147 
 
    0.06500   0.08089 
    0.06250   0.08121 
 
    0.06750   0.08051 
    0.06500   0.08089 
 
    0.07000   0.08004 
    0.06750   0.08051 
 
    0.07018   0.08000 
    0.07000   0.08004 
 
    0.04500   0.01490 
    0.04329   0.01500 
 
    0.04750   0.01477 
    0.04500   0.01490 
 
    0.05000   0.01468 
    0.04750   0.01477 
 
    0.05250   0.01462 
    0.05000   0.01468 
 
    0.05500   0.01461 
    0.05250   0.01462 
 
    0.05750   0.01465 
    0.05500   0.01461 
 
    0.06000   0.01476 
    0.05750   0.01465 
 
    0.06250   0.01494 
    0.06000   0.01476 
 
    0.06299   0.01500 
    0.06250   0.01494 
 
    0.02500   0.01713 
    0.02369   0.01750 
 
    0.02750   0.01660 
    0.02500   0.01713 
 
    0.03000   0.01620 
    0.02750   0.01660 
 
    0.03250   0.01589 
    0.03000   0.01620 
 
    0.03500   0.01563 
    0.03250   0.01589 
 
    0.03750   0.01541 
    0.03500   0.01563 
 
    0.04000   0.01521 
    0.03750   0.01541 
 
    0.04250   0.01505 
    0.04000   0.01521 
 
    0.04329   0.01500 
    0.04250   0.01505 
 
    0.06299   0.01500 
    0.06500   0.01523 
 
    0.06750   0.01565 
    0.06500   0.01523 
 
    0.07000   0.01623 
    0.06750   0.01565 
 
    0.07250   0.01703 
    0.07000   0.01623 
 
    0.07360   0.01750 
    0.07250   0.01703 
 
    0.02000   0.01895 
    0.01834   0.02000 
 
    0.02250   0.01787 
    0.02000   0.01895 
 
    0.02369   0.01750 
    0.02250   0.01787 
 
    0.07360   0.01750 
    0.07500   0.01815 
 
    0.07750   0.01968 
    0.07500   0.01815 
 
    0.07791   0.02000 
    0.07750   0.01968 
 
    0.01750   0.02064 
    0.01577   0.02250 
 
    0.01834   0.02000 
    0.01750   0.02064 
 
    0.07791   0.02000 
    0.08000   0.02188 
 
    0.08056   0.02250 
    0.08000   0.02188 
 
    0.01500   0.02357 
    0.01422   0.02500 
 
    0.01577   0.02250 
    0.01500   0.02357 
 
    0.08056   0.02250 
    0.08243   0.02500 
 
    0.01422   0.02500 
    0.01319   0.02750 
 
    0.08243   0.02500 
    0.08250   0.02511 
 
    0.08381   0.02750 
    0.08250   0.02511 
 
    0.01250   0.02980 
    0.01245   0.03000 
 
    0.01319   0.02750 
    0.01250   0.02980 
 
    0.08381   0.02750 
    0.08491   0.03000 
 
    0.01245   0.03000 
    0.01195   0.03250 
 
    0.08491   0.03000 
    0.08500   0.03025 
 
    0.08578   0.03250 
    0.08500   0.03025 
 
    0.01195   0.03250 
    0.01160   0.03500 
 
    0.08578   0.03250 
    0.08648   0.03500 
 
    0.01160   0.03500 
    0.01136   0.03750 
 
    0.08648   0.03500 
    0.08706   0.03750 
 
    0.01136   0.03750 
    0.01121   0.04000 
 
    0.08706   0.03750 
    0.08750   0.03980 
 
    0.08754   0.04000 
    0.08750   0.03980 
 
    0.01121   0.04000 
    0.01114   0.04250 
 
    0.08754   0.04000 
    0.08793   0.04250 
 
    0.01114   0.04250 
    0.01113   0.04500 
 
    0.08793   0.04250 
    0.08825   0.04500 
 
    0.01113   0.04500 
    0.01120   0.04750 
 
    0.08825   0.04500 
    0.08849   0.04750 
 
    0.01120   0.04750 
    0.01132   0.05000 
 
    0.08849   0.04750 
    0.08868   0.05000 
 
    0.01132   0.05000 
    0.01150   0.05250 
 
    0.08868   0.05000 
    0.08880   0.05250 
 
    0.01150   0.05250 
    0.01175   0.05500 
 
    0.08880   0.05250 
    0.08886   0.05500 
 
    0.01175   0.05500 
    0.01206   0.05750 
 
    0.08886   0.05500 
    0.08886   0.05750 
 
    0.01206   0.05750 
    0.01246   0.06000 
 
    0.08886   0.05750 
    0.08879   0.06000 
 
    0.01246   0.06000 
    0.01250   0.06023 
 
    0.01294   0.06250 
    0.01250   0.06023 
 
    0.08879   0.06000 
    0.08864   0.06250 
 
    0.01294   0.06250 
    0.01351   0.06500 
 
    0.08864   0.06250 
    0.08840   0.06500 
 
    0.01351   0.06500 
    0.01422   0.06750 
 
    0.08840   0.06500 
    0.08804   0.06750 
 
    0.01422   0.06750 
    0.01500   0.06977 
 
    0.01509   0.07000 
    0.01500   0.06977 
 
    0.08804   0.06750 
    0.08755   0.07000 
 
    0.01509   0.07000 
    0.01618   0.07250 
 
    0.08750   0.07018 
    0.08681   0.07250 
 
    0.08755   0.07000 
    0.08750   0.07018 
 
    0.01618   0.07250 
    0.01750   0.07490 
 
    0.01756   0.07500 
    0.01750   0.07490 
 
    0.08681   0.07250 
    0.08578   0.07500 
 
    0.01756   0.07500 
    0.01943   0.07750 
 
    0.08500   0.07642 
    0.08423   0.07750 
 
    0.08578   0.07500 
    0.08500   0.07642 
 
    0.01943   0.07750 
    0.02000   0.07813 
 
    0.02209   0.08000 
    0.02000   0.07813 
 
    0.08250   0.07935 
    0.08165   0.08000 
 
    0.08423   0.07750 
    0.08250   0.07935 
 
    0.02209   0.08000 
    0.02250   0.08032 
 
    0.02500   0.08186 
    0.02250   0.08032 
 
    0.02639   0.08250 
    0.02500   0.08186 
 
    0.07750   0.08213 
    0.07630   0.08250 
 
    0.08000   0.08105 
    0.07750   0.08213 
 
    0.08165   0.08000 
    0.08000   0.08105 
 
    0.02639   0.08250 
    0.02750   0.08297 
 
    0.03000   0.08377 
    0.02750   0.08297 
 
    0.03250   0.08436 
    0.03000   0.08377 
 
    0.03500   0.08477 
    0.03250   0.08436 
 
    0.03700   0.08500 
    0.03500   0.08477 
 
    0.05750   0.08495 
    0.05671   0.08500 
 
    0.06000   0.08478 
    0.05750   0.08495 
 
    0.06250   0.08459 
    0.06000   0.08478 
 
    0.06500   0.08437 
    0.06250   0.08459 
 
    0.06750   0.08411 
    0.06500   0.08437 
 
    0.07000   0.08379 
    0.06750   0.08411 
 
    0.07250   0.08340 
    0.07000   0.08379 
 
    0.07500   0.08287 
    0.07250   0.08340 
 
    0.07630   0.08250 
    0.07500   0.08287 
 
    0.03700   0.08500 
    0.03750   0.08506 
 
    0.04000   0.08524 
    0.03750   0.08506 
 
    0.04250   0.08535 
    0.04000   0.08524 
 
    0.04500   0.08539 
    0.04250   0.08535 
 
    0.04750   0.08538 
    0.04500   0.08539 
 
    0.05000   0.08532 
    0.04750   0.08538 
 
    0.05250   0.08523 
    0.05000   0.08532 
 
    0.05500   0.08510 
    0.05250   0.08523 
 
    0.05671   0.08500 
    0.05500   0.08510 
 
    0.03000   0.01239 
    0.02880   0.01250 
 
    0.03250   0.01219 
    0.03000   0.01239 
 
    0.03500   0.01203 
    0.03250   0.01219 
 
    0.03750   0.01188 
    0.03500   0.01203 
 
    0.04000   0.01174 
    0.03750   0.01188 
 
    0.04250   0.01162 
    0.04000   0.01174 
 
    0.04500   0.01151 
    0.04250   0.01162 
 
    0.04750   0.01142 
    0.04500   0.01151 
 
    0.05000   0.01134 
    0.04750   0.01142 
 
    0.05250   0.01129 
    0.05000   0.01134 
 
    0.05500   0.01126 
    0.05250   0.01129 
 
    0.05750   0.01127 
    0.05500   0.01126 
 
    0.06000   0.01133 
    0.05750   0.01127 
 
    0.06250   0.01145 
    0.06000   0.01133 
 
    0.06500   0.01163 
    0.06250   0.01145 
 
    0.06750   0.01191 
    0.06500   0.01163 
 
    0.07000   0.01231 
    0.06750   0.01191 
 
    0.07087   0.01250 
    0.07000   0.01231 
 
    0.01750   0.01490 
    0.01731   0.01500 
 
    0.02000   0.01395 
    0.01750   0.01490 
 
    0.02250   0.01334 
    0.02000   0.01395 
 
    0.02500   0.01292 
    0.02250   0.01334 
 
    0.02750   0.01262 
    0.02500   0.01292 
 
    0.02880   0.01250 
    0.02750   0.01262 
 
    0.07087   0.01250 
    0.07250   0.01285 
 
    0.07500   0.01360 
    0.07250   0.01285 
 
    0.07750   0.01463 
    0.07500   0.01360 
 
    0.07819   0.01500 
    0.07750   0.01463 
 
    0.01500   0.01644 
    0.01388   0.01750 
 
    0.01731   0.01500 
    0.01500   0.01644 
 
    0.07819   0.01500 
    0.08000   0.01608 
 
    0.08178   0.01750 
    0.08000   0.01608 
 
    0.01250   0.01921 
    0.01203   0.02000 
 
    0.01388   0.01750 
    0.01250   0.01921 
 
    0.08178   0.01750 
    0.08250   0.01818 
 
    0.08406   0.02000 
    0.08250   0.01818 
 
    0.01203   0.02000 
    0.01089   0.02250 
 
    0.08406   0.02000 
    0.08500   0.02136 
 
    0.08568   0.02250 
    0.08500   0.02136 
 
    0.01089   0.02250 
    0.01009   0.02500 
 
    0.08568   0.02250 
    0.08688   0.02500 
 
    0.01000   0.02537 
    0.00954   0.02750 
 
    0.01009   0.02500 
    0.01000   0.02537 
 
    0.08688   0.02500 
    0.08750   0.02660 
 
    0.08782   0.02750 
    0.08750   0.02660 
 
    0.00954   0.02750 
    0.00914   0.03000 
 
    0.08782   0.02750 
    0.08858   0.03000 
 
    0.00914   0.03000 
    0.00885   0.03250 
 
    0.08858   0.03000 
    0.08920   0.03250 
 
    0.00885   0.03250 
    0.00865   0.03500 
 
    0.08920   0.03250 
    0.08970   0.03500 
 
    0.00865   0.03500 
    0.00852   0.03750 
 
    0.08970   0.03500 
    0.09000   0.03679 
 
    0.09012   0.03750 
    0.09000   0.03679 
 
    0.00852   0.03750 
    0.00844   0.04000 
 
    0.09012   0.03750 
    0.09049   0.04000 
 
    0.00844   0.04000 
    0.00842   0.04250 
 
    0.09049   0.04000 
    0.09079   0.04250 
 
    0.00842   0.04250 
    0.00844   0.04500 
 
    0.09079   0.04250 
    0.09104   0.04500 
 
    0.00844   0.04500 
    0.00851   0.04750 
 
    0.09104   0.04500 
    0.09123   0.04750 
 
    0.00851   0.04750 
    0.00862   0.05000 
 
    0.09123   0.04750 
    0.09138   0.05000 
 
    0.00862   0.05000 
    0.00876   0.05250 
 
    0.09138   0.05000 
    0.09149   0.05250 
 
    0.00876   0.05250 
    0.00896   0.05500 
 
    0.09149   0.05250 
    0.09155   0.05500 
 
    0.00896   0.05500 
    0.00920   0.05750 
 
    0.09155   0.05500 
    0.09157   0.05750 
 
    0.00920   0.05750 
    0.00951   0.06000 
 
    0.09157   0.05750 
    0.09155   0.06000 
 
    0.00951   0.06000 
    0.00987   0.06250 
 
    0.09155   0.06000 
    0.09148   0.06250 
 
    0.00987   0.06250 
    0.01000   0.06324 
 
    0.01030   0.06500 
    0.01000   0.06324 
 
    0.09148   0.06250 
    0.09135   0.06500 
 
    0.01030   0.06500 
    0.01080   0.06750 
 
    0.09135   0.06500 
    0.09115   0.06750 
 
    0.01080   0.06750 
    0.01141   0.07000 
 
    0.09115   0.06750 
    0.09086   0.07000 
 
    0.01141   0.07000 
    0.01217   0.07250 
 
    0.09086   0.07000 
    0.09046   0.07250 
 
    0.01217   0.07250 
    0.01250   0.07342 
 
    0.01311   0.07500 
    0.01250   0.07342 
 
    0.09000   0.07461 
    0.08990   0.07500 
 
    0.09046   0.07250 
    0.09000   0.07461 
 
    0.01311   0.07500 
    0.01432   0.07750 
 
    0.08990   0.07500 
    0.08911   0.07750 
 
    0.01432   0.07750 
    0.01500   0.07865 
 
    0.01593   0.08000 
    0.01500   0.07865 
 
    0.08911   0.07750 
    0.08796   0.08000 
 
    0.01593   0.08000 
    0.01750   0.08183 
 
    0.01821   0.08250 
    0.01750   0.08183 
 
    0.08750   0.08078 
    0.08611   0.08250 
 
    0.08796   0.08000 
    0.08750   0.08078 
 
    0.01821   0.08250 
    0.02000   0.08392 
 
    0.02180   0.08500 
    0.02000   0.08392 
 
    0.08500   0.08355 
    0.08269   0.08500 
 
    0.08611   0.08250 
    0.08500   0.08355 
 
    0.02180   0.08500 
    0.02250   0.08537 
 
    0.02500   0.08641 
    0.02250   0.08537 
 
    0.02750   0.08715 
    0.02500   0.08641 
 
    0.02912   0.08750 
    0.02750   0.08715 
 
    0.07250   0.08738 
    0.07119   0.08750 
 
    0.07500   0.08708 
    0.07250   0.08738 
 
    0.07750   0.08666 
    0.07500   0.08708 
 
    0.08000   0.08605 
    0.07750   0.08666 
 
    0.08250   0.08510 
    0.08000   0.08605 
 
    0.08269   0.08500 
    0.08250   0.08510 
 
    0.02912   0.08750 
    0.03000   0.08769 
 
    0.03250   0.08809 
    0.03000   0.08769 
 
    0.03500   0.08837 
    0.03250   0.08809 
 
    0.03750   0.08856 
    0.03500   0.08837 
 
    0.04000   0.08867 
    0.03750   0.08856 
 
    0.04250   0.08873 
    0.04000   0.08867 
 
    0.04500   0.08874 
    0.04250   0.08873 
 
    0.04750   0.08872 
    0.04500   0.08874 
 
    0.05000   0.08866 
    0.04750   0.08872 
 
    0.05250   0.08858 
    0.05000   0.08866 
 
    0.05500   0.08849 
    0.05250   0.08858 
 
    0.05750   0.08838 
    0.05500   0.08849 
 
    0.06000   0.08826 
    0.05750   0.08838 
 
    0.06250   0.08812 
    0.06000   0.08826 
 
    0.06500   0.08797 
    0.06250   0.08812 
 
    0.06750   0.08781 
    0.06500   0.08797 
 
    0.07000   0.08761 
    0.06750   0.08781 
 
    0.07119   0.08750 
    0.07000   0.08761 
 
    0.05500   0.00748 
    0.05364   0.00750 
 
    0.05750   0.00747 
    0.05500   0.00748 
 
    0.06000   0.00749 
    0.05750   0.00747 
 
    0.06024   0.00750 
    0.06000   0.00749 
 
    0.01500   0.00990 
    0.01475   0.01000 
 
    0.01750   0.00919 
    0.01500   0.00990 
 
    0.02000   0.00876 
    0.01750   0.00919 
 
    0.02250   0.00849 
    0.02000   0.00876 
 
    0.02500   0.00831 
    0.02250   0.00849 
 
    0.02750   0.00818 
    0.02500   0.00831 
 
    0.03000   0.00809 
    0.02750   0.00818 
 
    0.03250   0.00801 
    0.03000   0.00809 
 
    0.03500   0.00793 
    0.03250   0.00801 
 
    0.03750   0.00786 
    0.03500   0.00793 
 
    0.04000   0.00779 
    0.03750   0.00786 
 
    0.04250   0.00773 
    0.04000   0.00779 
 
    0.04500   0.00766 
    0.04250   0.00773 
 
    0.04750   0.00760 
    0.04500   0.00766 
 
    0.05000   0.00755 
    0.04750   0.00760 
 
    0.05250   0.00751 
    0.05000   0.00755 
 
    0.05364   0.00750 
    0.05250   0.00751 
 
    0.06024   0.00750 
    0.06250   0.00754 
 
    0.06500   0.00763 
    0.06250   0.00754 
 
    0.06750   0.00777 
    0.06500   0.00763 
 
    0.07000   0.00798 
    0.06750   0.00777 
 
    0.07250   0.00827 
    0.07000   0.00798 
 
    0.07500   0.00869 
    0.07250   0.00827 
 
    0.07750   0.00928 
    0.07500   0.00869 
 
    0.07968   0.01000 
    0.07750   0.00928 
 
    0.01250   0.01106 
    0.01071   0.01250 
 
    0.01475   0.01000 
    0.01250   0.01106 
 
    0.07968   0.01000 
    0.08000   0.01011 
 
    0.08250   0.01124 
    0.08000   0.01011 
 
    0.08443   0.01250 
    0.08250   0.01124 
 
    0.01000   0.01326 
    0.00886   0.01500 
 
    0.01071   0.01250 
    0.01000   0.01326 
 
    0.08443   0.01250 
    0.08500   0.01294 
 
    0.08705   0.01500 
    0.08500   0.01294 
 
    0.00886   0.01500 
    0.00777   0.01750 
 
    0.08705   0.01500 
    0.08750   0.01558 
 
    0.08876   0.01750 
    0.08750   0.01558 
 
    0.00750   0.01836 
    0.00705   0.02000 
 
    0.00777   0.01750 
    0.00750   0.01836 
 
    0.08876   0.01750 
    0.08994   0.02000 
 
    0.00705   0.02000 
    0.00654   0.02250 
 
    0.08994   0.02000 
    0.09000   0.02015 
 
    0.09087   0.02250 
    0.09000   0.02015 
 
    0.00654   0.02250 
    0.00618   0.02500 
 
    0.09087   0.02250 
    0.09157   0.02500 
 
    0.00618   0.02500 
    0.00592   0.02750 
 
    0.09157   0.02500 
    0.09211   0.02750 
 
    0.00592   0.02750 
    0.00573   0.03000 
 
    0.09211   0.02750 
    0.09250   0.02974 
 
    0.09255   0.03000 
    0.09250   0.02974 
 
    0.00573   0.03000 
    0.00560   0.03250 
 
    0.09255   0.03000 
    0.09297   0.03250 
 
    0.00560   0.03250 
    0.00551   0.03500 
 
    0.09297   0.03250 
    0.09330   0.03500 
 
    0.00551   0.03500 
    0.00546   0.03750 
 
    0.09330   0.03500 
    0.09358   0.03750 
 
    0.00546   0.03750 
    0.00544   0.04000 
 
    0.09358   0.03750 
    0.09381   0.04000 
 
    0.00544   0.04000 
    0.00544   0.04250 
 
    0.09381   0.04000 
    0.09401   0.04250 
 
    0.00544   0.04250 
    0.00547   0.04500 
 
    0.09401   0.04250 
    0.09416   0.04500 
 
    0.00547   0.04500 
    0.00553   0.04750 
 
    0.09416   0.04500 
    0.09429   0.04750 
 
    0.00553   0.04750 
    0.00560   0.05000 
 
    0.09429   0.04750 
    0.09439   0.05000 
 
    0.00560   0.05000 
    0.00570   0.05250 
 
    0.09439   0.05000 
    0.09447   0.05250 
 
    0.00570   0.05250 
    0.00583   0.05500 
 
    0.09447   0.05250 
    0.09452   0.05500 
 
    0.00583   0.05500 
    0.00599   0.05750 
 
    0.09452   0.05500 
    0.09455   0.05750 
 
    0.00599   0.05750 
    0.00618   0.06000 
 
    0.09455   0.05750 
    0.09455   0.06000 
 
    0.00618   0.06000 
    0.00641   0.06250 
 
    0.09455   0.06000 
    0.09453   0.06250 
 
    0.00641   0.06250 
    0.00669   0.06500 
 
    0.09453   0.06250 
    0.09448   0.06500 
 
    0.00669   0.06500 
    0.00703   0.06750 
 
    0.09448   0.06500 
    0.09439   0.06750 
 
    0.00703   0.06750 
    0.00744   0.07000 
 
    0.09439   0.06750 
    0.09426   0.07000 
 
    0.00744   0.07000 
    0.00750   0.07030 
 
    0.00788   0.07250 
    0.00750   0.07030 
 
    0.09426   0.07000 
    0.09407   0.07250 
 
    0.00788   0.07250 
    0.00842   0.07500 
 
    0.09407   0.07250 
    0.09381   0.07500 
 
    0.00842   0.07500 
    0.00912   0.07750 
 
    0.09381   0.07500 
    0.09345   0.07750 
 
    0.00912   0.07750 
    0.01000   0.07987 
 
    0.01005   0.08000 
    0.01000   0.07987 
 
    0.09345   0.07750 
    0.09295   0.08000 
 
    0.01005   0.08000 
    0.01123   0.08250 
 
    0.09250   0.08162 
    0.09223   0.08250 
 
    0.09295   0.08000 
    0.09250   0.08162 
 
    0.01123   0.08250 
    0.01250   0.08443 
 
    0.01294   0.08500 
    0.01250   0.08443 
 
    0.09223   0.08250 
    0.09113   0.08500 
 
    0.01294   0.08500 
    0.01500   0.08707 
 
    0.01556   0.08750 
    0.01500   0.08707 
 
    0.09000   0.08673 
    0.08928   0.08750 
 
    0.09113   0.08500 
    0.09000   0.08673 
 
    0.01556   0.08750 
    0.01750   0.08877 
 
    0.02000   0.08989 
    0.01750   0.08877 
 
    0.02031   0.09000 
    0.02000   0.08989 
 
    0.08750   0.08894 
    0.08525   0.09000 
 
    0.08928   0.08750 
    0.08750   0.08894 
 
    0.02031   0.09000 
    0.02250   0.09073 
 
    0.02500   0.09132 
    0.02250   0.09073 
 
    0.02750   0.09173 
    0.02500   0.09132 
 
    0.03000   0.09203 
    0.02750   0.09173 
 
    0.03250   0.09223 
    0.03000   0.09203 
 
    0.03500   0.09237 
    0.03250   0.09223 
 
    0.03750   0.09246 
    0.03500   0.09237 
 
    0.03970   0.09250 
    0.03750   0.09246 
 
    0.04750   0.09249 
    0.04644   0.09250 
 
    0.05000   0.09245 
    0.04750   0.09249 
 
    0.05250   0.09240 
    0.05000   0.09245 
 
    0.05500   0.09234 
    0.05250   0.09240 
 
    0.05750   0.09227 
    0.05500   0.09234 
 
    0.06000   0.09221 
    0.05750   0.09227 
 
    0.06250   0.09214 
    0.06000   0.09221 
 
    0.06500   0.09207 
    0.06250   0.09214 
 
    0.06750   0.09199 
    0.06500   0.09207 
 
    0.07000   0.09191 
    0.06750   0.09199 
 
    0.07250   0.09182 
    0.07000   0.09191 
 
    0.07500   0.09169 
    0.07250   0.09182 
 
    0.07750   0.09151 
    0.07500   0.09169 
 
    0.08000   0.09123 
    0.07750   0.09151 
 
    0.08250   0.09081 
    0.08000   0.09123 
 
    0.08500   0.09010 
    0.08250   0.09081 
 
    0.08525   0.09000 
    0.08500   0.09010 
 
    0.03970   0.09250 
    0.04000   0.09251 
 
    0.04250   0.09253 
    0.04000   0.09251 
 
    0.04500   0.09252 
    0.04250   0.09253 
 
    0.04644   0.09250 
    0.04500   0.09252 
 
