  0.0000000e+00   0.0000000e+00   0.0000000e+00   0.0000000e+00   0.0000000e+00   0.0000000e+00   0.0000000e+00   0.0000000e+00   0.0000000e+00   0.0000000e+00   0.0000000e+00   0.0000000e+00   0.0000000e+00   0.0000000e+00   0.0000000e+00   0.0000000e+00   0.0000000e+00   0.0000000e+00   0.0000000e+00   0.0000000e+00   0.0000000e+00   1.0000000e+00 
  1.9663629e-02   1.9663629e-02   2.0242630e-02   2.1385228e-02   2.3076747e-02   2.5305928e-02   2.8068535e-02   3.1371927e-02   3.5240861e-02   3.9725214e-02   4.4911012e-02   5.0937453e-02   5.8025358e-02   6.6528530e-02   7.7034477e-02   9.0580859e-02   1.0916966e-01   1.3711893e-01   1.8495906e-01   2.8153665e-01   5.1375404e-01   1.0000000e+00 
  5.8397588e-02   5.8397588e-02   6.0107339e-02   6.3480065e-02   6.8469815e-02   7.5039170e-02   8.3169435e-02   9.2873284e-02   1.0421038e-01   1.1730747e-01   1.3238584e-01   1.4980177e-01   1.7010989e-01   1.9416841e-01   2.2332178e-01   2.5972937e-01   3.0696882e-01   3.7113387e-01   4.6267983e-01   5.9866690e-01   8.0098760e-01   1.0000000e+00 
  9.6347732e-02   9.6347732e-02   9.9137373e-02   1.0463632e-01   1.1276145e-01   1.2343880e-01   1.3661892e-01   1.5229513e-01   1.7052490e-01   1.9145548e-01   2.1535611e-01   2.4266086e-01   2.7402865e-01   3.1042963e-01   3.5326945e-01   4.0455996e-01   4.6712133e-01   5.4471128e-01   6.4170832e-01   7.6128943e-01   8.9969790e-01   1.0000000e+00 
  1.3333648e-01   1.3333648e-01   1.3713512e-01   1.4461527e-01   1.5564813e-01   1.7010851e-01   1.8789370e-01   2.0894458e-01   2.3326845e-01   2.6096342e-01   2.9224474e-01   3.2747383e-01   3.6718996e-01   4.1214222e-01   4.6331217e-01   5.2190073e-01   5.8921695e-01   6.6633672e-01   7.5329267e-01   8.4747170e-01   9.4114798e-01   1.0000000e+00 
  1.6920641e-01   1.6920641e-01   1.7392779e-01   1.8321307e-01   1.9687827e-01   2.1473097e-01   2.3659119e-01   2.6231344e-01   2.9180800e-01   3.2506006e-01   3.6214520e-01   4.0323897e-01   4.4861668e-01   4.9863543e-01   5.5368354e-01   6.1407088e-01   6.7981829e-01   7.5029166e-01   8.2364221e-01   8.9612417e-01   9.6167908e-01   1.0000000e+00 
  2.0382468e-01   2.0382468e-01   2.0937233e-01   2.2026653e-01   2.3625934e-01   2.5707622e-01   2.8243859e-01   3.1208579e-01   3.4579398e-01   3.8338946e-01   4.2475387e-01   4.6981801e-01   5.1853955e-01   5.7085809e-01   6.2661733e-01   6.8544274e-01   7.4656452e-01   8.0859093e-01   8.6927844e-01   9.2543036e-01   9.7317634e-01   1.0000000e+00 
  2.3708482e-01   2.3708482e-01   2.4335705e-01   2.5565447e-01   2.7365807e-01   2.9699956e-01   3.2528565e-01   3.5812031e-01   3.9512227e-01   4.3593447e-01   4.8022319e-01   5.2766382e-01   5.7791042e-01   6.3054625e-01   6.8501288e-01   7.4051911e-01   7.9593888e-01   8.4972434e-01   8.9988643e-01   9.4412644e-01   9.8020941e-01   1.0000000e+00 
  2.6890600e-01   2.6890600e-01   2.7580043e-01   2.8929514e-01   3.0899545e-01   3.3443187e-01   3.6508669e-01   4.0041802e-01   4.3987763e-01   4.8292017e-01   5.2900121e-01   5.7756299e-01   6.2800715e-01   6.7965533e-01   7.3170112e-01   7.8316104e-01   8.3283959e-01   8.7933228e-01   9.2109971e-01   9.5664458e-01   9.8479925e-01   1.0000000e+00 
  2.9923028e-01   2.9923028e-01   3.0664754e-01   3.2114090e-01   3.4223817e-01   3.6936548e-01   4.0187754e-01   4.3908479e-01   4.8027436e-01   5.2472213e-01   5.7169458e-01   6.2044031e-01   6.7017258e-01   7.2004621e-01   7.6913480e-01   8.1641732e-01   8.6078675e-01   9.0109577e-01   9.3625269e-01   9.6537013e-01   9.8794546e-01   1.0000000e+00 
  3.2801804e-01   3.2801804e-01   3.3586459e-01   3.5117082e-01   3.7338777e-01   4.0183810e-01   4.3575118e-01   4.7429521e-01   5.1660334e-01   5.6179153e-01   6.0896734e-01   6.5723053e-01   7.0566790e-01   7.5334670e-01   7.9931255e-01   8.4259951e-01   8.8226021e-01   9.1742240e-01   9.4737293e-01   9.7165961e-01   9.9018720e-01   1.0000000e+00 
  3.5524179e-01   3.5524179e-01   3.6343187e-01   3.7938184e-01   4.0246884e-01   4.3191630e-01   4.6683483e-01   5.0626080e-01   5.4918937e-01   5.9459998e-01   6.4147379e-01   6.8880446e-01   7.3560489e-01   7.8091405e-01   8.2380889e-01   8.6342630e-01   8.9899889e-01   9.2990525e-01   9.5573011e-01   9.7632271e-01   9.9183531e-01   1.0000000e+00 
  3.8087821e-01   3.8087821e-01   3.8933510e-01   4.0577852e-01   4.2951633e-01   4.5967939e-01   4.9526913e-01   5.3520361e-01   5.7835855e-01   6.2360136e-01   6.6981782e-01   7.1593241e-01   7.6092497e-01   8.0384698e-01   8.4384083e-01   8.8016501e-01   9.1222600e-01   9.3961481e-01   9.6214221e-01   9.7986311e-01   9.9307867e-01   1.0000000e+00 
  4.0489801e-01   4.0489801e-01   4.1355466e-01   4.3036110e-01   4.5456176e-01   4.8520323e-01   5.2118911e-01   5.6133412e-01   6.0441364e-01   6.4920648e-01   6.9453026e-01   7.3927004e-01   7.8240236e-01   8.2301687e-01   8.6033795e-01   8.9374731e-01   9.2280731e-01   9.4728180e-01   9.6714977e-01   9.8260508e-01   9.9403686e-01   1.0000000e+00 
  4.2725248e-01   4.2725248e-01   4.3605172e-01   4.5311085e-01   4.7761741e-01   5.0854296e-01   5.4470543e-01   5.8483142e-01   6.2761425e-01   6.7176510e-01   7.1605607e-01   7.5935550e-01   8.0065676e-01   8.3910210e-01   8.7400282e-01   9.0485631e-01   9.3135880e-01   9.5341160e-01   9.7111737e-01   9.8476311e-01   9.9478802e-01   1.0000000e+00 
  4.4785482e-01   4.4785482e-01   4.5674932e-01   4.7397060e-01   4.9865623e-01   5.2971235e-01   5.6588345e-01   6.0582264e-01   6.4815784e-01   6.9155046e-01   7.3474507e-01   7.7660955e-01   8.1616657e-01   8.5261718e-01   8.8535748e-01   9.1398843e-01   9.3831819e-01   9.5835573e-01   9.7429393e-01   9.8648149e-01   9.9538424e-01   1.0000000e+00 
  4.6655311e-01   4.6655311e-01   4.7550518e-01   4.9281735e-01   5.1758424e-01   5.4865621e-01   5.8471616e-01   6.2435729e-01   6.6615672e-01   7.0874076e-01   7.5083988e-01   7.9133231e-01   8.2927641e-01   8.6393255e-01   8.9477502e-01   9.2149445e-01   9.4399069e-01   9.6235598e-01   9.7684854e-01   9.8785734e-01   9.9586040e-01   1.0000000e+00 
  4.8308947e-01   4.8308947e-01   4.9207079e-01   5.0942131e-01   5.3419974e-01   5.6521018e-01   6.0108520e-01   6.4037049e-01   6.8160479e-01   7.2339087e-01   7.6445454e-01   8.0369036e-01   8.4019400e-01   8.7328136e-01   9.0249559e-01   9.2760249e-01   9.4857531e-01   9.6556980e-01   9.7889094e-01   9.8895345e-01   9.9623896e-01   1.0000000e+00 
  4.9703666e-01   4.9703666e-01   5.0602801e-01   5.2338254e-01   5.4813024e-01   5.7903842e-01   6.1470028e-01   6.5362522e-01   6.9432417e-01   7.3538502e-01   7.7553464e-01   8.1368589e-01   8.4896910e-01   8.8074852e-01   9.0862453e-01   9.3242317e-01   9.5217441e-01   9.6808106e-01   9.8048086e-01   9.8980439e-01   9.9653239e-01   1.0000000e+00 
  5.0769745e-01   5.0769745e-01   5.1668829e-01   5.3403007e-01   5.5873178e-01   5.8953396e-01   6.2500146e-01   6.6361817e-01   7.0387631e-01   7.4435516e-01   7.8378508e-01   8.2109522e-01   8.5544404e-01   8.8623326e-01   9.1310635e-01   9.3593351e-01   9.5478515e-01   9.6989663e-01   9.8162722e-01   9.9041674e-01   9.9674331e-01   1.0000000e+00 
  5.1394306e-01   5.1394306e-01   5.2293065e-01   5.4025928e-01   5.6492598e-01   5.9565611e-01   6.3099859e-01   6.6942314e-01   7.0941199e-01   7.4954031e-01   7.8854147e-01   8.2535494e-01   8.5915617e-01   8.8936896e-01   9.1566174e-01   9.3792988e-01   9.5626646e-01   9.7092468e-01   9.8227528e-01   9.9076250e-01   9.9686232e-01   1.0000000e+00 
  5.1393376e-01   5.1394306e-01   5.2293065e-01   5.4025928e-01   5.6492598e-01   5.9565611e-01   6.3099859e-01   6.6942314e-01   7.0941199e-01   7.4954031e-01   7.8854147e-01   8.2535494e-01   8.5915617e-01   8.8936896e-01   9.1566174e-01   9.3792988e-01   9.5626646e-01   9.7092468e-01   9.8227528e-01   9.9076250e-01   9.9686232e-01   1.0000000e+00 