   1   0.0000000e+00   0.0000000e+00   0.0000000e+00   1.9796990e-04   0.0000000e+00
   2   2.5000000e-02  -2.4100488e-07   2.5010488e-03   1.9796990e-04   2.5000000e-03
   3   7.5000000e-02  -2.2907056e-07   7.5000908e-03   1.9835275e-04   7.5000000e-03
   4   1.2500000e-01  -1.9498574e-07   1.2499998e-02   1.9903460e-04   1.2500000e-02
   5   1.7500000e-01  -1.5961467e-07   1.7499968e-02   1.9986308e-04   1.7500000e-02
   6   2.2500000e-01  -1.3156515e-07   2.2499961e-02   2.0079364e-04   2.2500000e-02
   7   2.7500000e-01  -1.0950398e-07   2.7499962e-02   2.0176186e-04   2.7500000e-02
   8   3.2500000e-01  -9.1514057e-08   3.2499965e-02   2.0273303e-04   3.2500000e-02
   9   3.7500000e-01  -7.7054307e-08   3.7499969e-02   2.0368879e-04   3.7500000e-02
  10   4.2500000e-01  -6.4782380e-08   4.2499972e-02   2.0460395e-04   4.2500000e-02
  11   4.7500000e-01  -5.4283426e-08   4.7499975e-02   2.0546070e-04   4.7500000e-02
  12   5.2500000e-01  -4.4947675e-08   5.2499978e-02   2.0624290e-04   5.2500000e-02
  13   5.7500000e-01  -3.6418133e-08   5.7499980e-02   2.0693865e-04   5.7500000e-02
  14   6.2500000e-01  -2.9407518e-08   6.2499982e-02   2.0750745e-04   6.2500000e-02
  15   6.7500000e-01  -2.0563009e-08   6.7499984e-02   2.0802502e-04   6.7500000e-02
  16   7.2500000e-01  -1.8601456e-08   7.2499987e-02   2.0824006e-04   7.2500000e-02
  17   7.7500000e-01  -4.4101245e-09   7.7499987e-02   2.0862775e-04   7.7500000e-02
  18   8.2500000e-01  -1.2795526e-08   8.2499994e-02   2.0841956e-04   8.2500000e-02
  19   8.7500000e-01   4.8964011e-09   8.7499993e-02   2.0826470e-04   8.7500000e-02
  20   9.2500000e-01   5.3867689e-09   9.2500001e-02   2.0870544e-04   9.2500000e-02
  21   9.7500000e-01  -1.5071645e-08   9.7500029e-02   2.0597254e-04   9.7500000e-02
  22   1.0000000e+00   0.0000000e+00   1.0000000e-01   2.0597254e-04   1.0000000e-01
