  0.0000000e+00   2.1592011e-04   2.1617698e-04   2.1685043e-04   2.1779925e-04   2.1893442e-04   2.2018418e-04   2.2148619e-04   2.2279172e-04   2.2406130e-04   2.2526346e-04   2.2637255e-04   2.2736642e-04   2.2822603e-04   2.2893635e-04   2.2947065e-04   2.2985539e-04   2.2995587e-04   2.3006476e-04   2.2964266e-04   2.2825991e-04   0.0000000e+00 
  2.1592011e-04   2.1592011e-04   2.1617698e-04   2.1685043e-04   2.1779925e-04   2.1893442e-04   2.2018418e-04   2.2148619e-04   2.2279172e-04   2.2406130e-04   2.2526346e-04   2.2637255e-04   2.2736642e-04   2.2822603e-04   2.2893635e-04   2.2947065e-04   2.2985539e-04   2.2995587e-04   2.3006476e-04   2.2964266e-04   2.2825991e-04   2.2825991e-04 
  2.1463605e-04   2.1463605e-04   2.1496983e-04   2.1571118e-04   2.1666664e-04   2.1778269e-04   2.1899930e-04   2.2025922e-04   2.2151857e-04   2.2274035e-04   2.2389496e-04   2.2495802e-04   2.2590808e-04   2.2672559e-04   2.2740157e-04   2.2788758e-04   2.2827414e-04   2.2827235e-04   2.2844047e-04   2.2818660e-04   2.2622417e-04   2.2622417e-04 
  2.1228461e-04   2.1228461e-04   2.1265432e-04   2.1341201e-04   2.1436282e-04   2.1546694e-04   2.1665759e-04   2.1787899e-04   2.1909264e-04   2.2026483e-04   2.2136884e-04   2.2238242e-04   2.2328557e-04   2.2405711e-04   2.2469998e-04   2.2512890e-04   2.2552651e-04   2.2542893e-04   2.2554205e-04   2.2547448e-04   2.2317009e-04   2.2317009e-04 
  2.0874437e-04   2.0874437e-04   2.0912797e-04   2.0987515e-04   2.1080424e-04   2.1187658e-04   2.1301966e-04   2.1418215e-04   2.1533139e-04   2.1643687e-04   2.1747477e-04   2.1842505e-04   2.1926978e-04   2.1998398e-04   2.2058933e-04   2.2095065e-04   2.2135419e-04   2.2119468e-04   2.2121843e-04   2.2133824e-04   2.1883294e-04   2.1883294e-04 
  2.0398956e-04   2.0398956e-04   2.0437802e-04   2.0510259e-04   2.0599331e-04   2.0700850e-04   2.0807720e-04   2.0915537e-04   2.1021758e-04   2.1123623e-04   2.1219045e-04   2.1306228e-04   2.1383651e-04   2.1448174e-04   2.1504461e-04   2.1533267e-04   2.1573287e-04   2.1553982e-04   2.1547426e-04   2.1576338e-04   2.1310971e-04   2.1310971e-04 
  1.9796990e-04   1.9796990e-04   1.9835275e-04   1.9903460e-04   1.9986308e-04   2.0079364e-04   2.0176186e-04   2.0273303e-04   2.0368879e-04   2.0460395e-04   2.0546070e-04   2.0624290e-04   2.0693865e-04   2.0750745e-04   2.0802502e-04   2.0824006e-04   2.0862775e-04   2.0841956e-04   2.0826470e-04   2.0870544e-04   2.0597254e-04   2.0597254e-04 
  1.9067648e-04   1.9067648e-04   1.9104108e-04   1.9165536e-04   1.9239737e-04   1.9321541e-04   1.9406060e-04   1.9490769e-04   1.9574269e-04   1.9654293e-04   1.9729358e-04   1.9797995e-04   1.9859381e-04   1.9908318e-04   1.9955487e-04   1.9970117e-04   2.0006967e-04   1.9986095e-04   1.9962226e-04   2.0019540e-04   1.9745228e-04   1.9745228e-04 
  1.8214470e-04   1.8214470e-04   1.8247833e-04   1.8300341e-04   1.8363671e-04   1.8432027e-04   1.8503089e-04   1.8574178e-04   1.8644679e-04   1.8712595e-04   1.8776706e-04   1.8835624e-04   1.8888888e-04   1.8930041e-04   1.8972768e-04   1.8981248e-04   1.9015824e-04   1.8996116e-04   1.8965025e-04   1.9033262e-04   1.8763461e-04   1.8763461e-04 
  1.7241458e-04   1.7241458e-04   1.7270545e-04   1.7312710e-04   1.7363433e-04   1.7417384e-04   1.7474313e-04   1.7531199e-04   1.7588486e-04   1.7644291e-04   1.7697637e-04   1.7747150e-04   1.7792668e-04   1.7826503e-04   1.7865068e-04   1.7868338e-04   1.7900498e-04   1.7882865e-04   1.7846013e-04   1.7922739e-04   1.7661921e-04   1.7661921e-04 
  1.6152438e-04   1.6152438e-04   1.6176437e-04   1.6207112e-04   1.6244832e-04   1.6283760e-04   1.6326608e-04   1.6369797e-04   1.6414446e-04   1.6458681e-04   1.6501952e-04   1.6542760e-04   1.6581087e-04   1.6608256e-04   1.6642957e-04   1.6642020e-04   1.6671758e-04   1.6656844e-04   1.6615780e-04   1.6698666e-04   1.6450586e-04   1.6450586e-04 
  1.4952350e-04   1.4952350e-04   1.4970631e-04   1.4989232e-04   1.5014058e-04   1.5039207e-04   1.5068685e-04   1.5098958e-04   1.5131986e-04   1.5165897e-04   1.5200205e-04   1.5233220e-04   1.5265147e-04   1.5286390e-04   1.5317552e-04   1.5313326e-04   1.5340796e-04   1.5328991e-04   1.5285218e-04   1.5372108e-04   1.5139917e-04   1.5139917e-04 
  1.3647877e-04   1.3647877e-04   1.3659829e-04   1.3667008e-04   1.3680940e-04   1.3693342e-04   1.3710221e-04   1.3728653e-04   1.3751516e-04   1.3777104e-04   1.3803919e-04   1.3830308e-04   1.3856688e-04   1.3872697e-04   1.3900716e-04   1.3894090e-04   1.3919518e-04   1.3910943e-04   1.3865859e-04   1.3954763e-04   1.3741071e-04   1.3741071e-04 
  1.2247238e-04   1.2247238e-04   1.2252148e-04   1.2252663e-04   1.2256264e-04   1.2255747e-04   1.2261628e-04   1.2270056e-04   1.2285701e-04   1.2305050e-04   1.2325732e-04   1.2346507e-04   1.2368028e-04   1.2379609e-04   1.2404953e-04   1.2396740e-04   1.2420281e-04   1.2414824e-04   1.2369683e-04   1.2458757e-04   1.2265692e-04   1.2265692e-04 
  1.0761362e-04   1.0761362e-04   1.0760389e-04   1.0756841e-04   1.0749343e-04   1.0737494e-04   1.0734974e-04   1.0737966e-04   1.0748866e-04   1.0763183e-04   1.0778656e-04   1.0794640e-04   1.0812070e-04   1.0820132e-04   1.0843210e-04   1.0833983e-04   1.0855661e-04   1.0853054e-04   1.0808925e-04   1.0896431e-04   1.0725698e-04   1.0725698e-04 
  9.2025799e-05   9.2025799e-05   9.2002645e-05   9.1884071e-05   9.1716949e-05   9.1521140e-05   9.1470359e-05   9.1478964e-05   9.1547923e-05   9.1648654e-05   9.1760292e-05   9.1882023e-05   9.2023390e-05   9.2076103e-05   9.2285703e-05   9.2186518e-05   9.2383899e-05   9.2382358e-05   9.1959688e-05   9.2802210e-05   9.1331341e-05   9.1331341e-05 
  7.5832009e-05   7.5832009e-05   7.5856232e-05   7.5603672e-05   7.5382829e-05   7.5188117e-05   7.5146467e-05   7.5134557e-05   7.5172354e-05   7.5241594e-05   7.5319602e-05   7.5411108e-05   7.5524527e-05   7.5553494e-05   7.5740994e-05   7.5636595e-05   7.5812716e-05   7.5830421e-05   7.5432585e-05   7.6225282e-05   7.5000303e-05   7.5000303e-05 
  5.9210677e-05   5.9210677e-05   5.9277121e-05   5.8885168e-05   5.8705044e-05   5.8556284e-05   5.8516669e-05   5.8492971e-05   5.8508709e-05   5.8554613e-05   5.8605290e-05   5.8670936e-05   5.8758290e-05   5.8765596e-05   5.8928513e-05   5.8820012e-05   5.8971459e-05   5.9001827e-05   5.8633220e-05   5.9356294e-05   5.8383058e-05   5.8383058e-05 
  4.2349745e-05   4.2349745e-05   4.2380745e-05   4.1959516e-05   4.1885750e-05   4.1769101e-05   4.1730121e-05   4.1700038e-05   4.1697640e-05   4.1723531e-05   4.1749651e-05   4.1791125e-05   4.1852343e-05   4.1839468e-05   4.1973428e-05   4.1862154e-05   4.1983448e-05   4.2017894e-05   4.1683108e-05   4.2310082e-05   4.1589766e-05   4.1589766e-05 
  2.5392613e-05   2.5392613e-05   2.5321561e-05   2.5092863e-05   2.5083210e-05   2.4991186e-05   2.4945668e-05   2.4907507e-05   2.4887429e-05   2.4893849e-05   2.4897774e-05   2.4916113e-05   2.4951277e-05   2.4922190e-05   2.5020348e-05   2.4913684e-05   2.4995904e-05   2.5026241e-05   2.4738397e-05   2.5222587e-05   2.4757734e-05   2.4757734e-05 
  8.4629325e-06   8.4629325e-06   8.5854742e-06   8.5963304e-06   8.4849447e-06   8.3358563e-06   8.2260640e-06   8.1553680e-06   8.1059176e-06   8.0891967e-06   8.0677605e-06   8.0628397e-06   8.0624830e-06   8.0168069e-06   8.0614125e-06   7.9491710e-06   7.9822218e-06   7.9690735e-06   7.7387513e-06   8.0237909e-06   7.7484842e-06   7.7484842e-06 
  0.0000000e+00   0.0000000e+00   0.0000000e+00   0.0000000e+00   0.0000000e+00   0.0000000e+00   0.0000000e+00   0.0000000e+00   0.0000000e+00   0.0000000e+00   0.0000000e+00   0.0000000e+00   0.0000000e+00   0.0000000e+00   0.0000000e+00   0.0000000e+00   0.0000000e+00   0.0000000e+00   0.0000000e+00   0.0000000e+00   0.0000000e+00   0.0000000e+00 
