   1   0.0000000e+00   0.0000000e+00   2.2018418e-04            -nan
   2   2.5000000e-02  -4.0699891e-08   2.2018418e-04            -nan
   3   7.5000000e-02  -7.0987735e-08   2.1899930e-04            -nan
   4   1.2500000e-01  -9.3243901e-08   2.1665759e-04            -nan
   5   1.7500000e-01  -1.0703354e-07   2.1301966e-04            -nan
   6   2.2500000e-01  -1.1229935e-07   2.0807720e-04            -nan
   7   2.7500000e-01  -1.0950398e-07   2.0176186e-04            -nan
   8   3.2500000e-01  -9.9593538e-08   1.9406060e-04            -nan
   9   3.7500000e-01  -8.4138916e-08   1.8503089e-04            -nan
  10   4.2500000e-01  -6.5126333e-08   1.7474313e-04            -nan
  11   4.7500000e-01  -4.4827375e-08   1.6326608e-04            -nan
  12   5.2500000e-01  -2.5655295e-08   1.5068685e-04            -nan
  13   5.7500000e-01  -1.0058033e-08   1.3710221e-04            -nan
  14   6.2500000e-01  -3.4628837e-10   1.2261628e-04            -nan
  15   6.7500000e-01   1.3099193e-09   1.0734974e-04            -nan
  16   7.2500000e-01  -6.2458151e-09   9.1470359e-05            -nan
  17   7.7500000e-01  -2.1690446e-08   7.5146467e-05            -nan
  18   8.2500000e-01  -4.2472289e-08   5.8516669e-05            -nan
  19   8.7500000e-01  -6.5870509e-08   4.1730121e-05            -nan
  20   9.2500000e-01  -8.8857217e-08   2.4945668e-05            -nan
  21   9.7500000e-01  -1.0756940e-07   8.2260640e-06            -nan
  22   1.0000000e+00   0.0000000e+00   0.0000000e+00            -nan
